listing_id,high,medium,low
7142618,0.0796945545602,0.550025687912,0.370279757528
7210040,0.183989802029,0.3747725972,0.441237600771
6832604,0.00723617581529,0.0457560285781,0.947007795607
6830595,0.17869923493,0.454906271667,0.366394493402
6843709,0.00464416916185,0.039571520513,0.955784310325
7232076,0.0155969097686,0.217498592624,0.766904497608
6832266,0.088753234692,0.44196961253,0.469277152778
6931714,0.121884104496,0.449824858838,0.428291036665
7316357,0.377348680145,0.483340875613,0.139310444241
6839137,0.0918047974449,0.163420357196,0.744774845359
6879707,0.0800885516408,0.0970954752312,0.822815973128
6866122,0.0096357302093,0.0255553415748,0.964808928216
7154141,0.0771549116411,0.319859140496,0.602985947862
7194059,0.00146112355924,0.004207437456,0.994331438985
6849409,0.00590154124731,0.106051730283,0.888046728469
6880861,0.167704576944,0.275780067276,0.55651535578
6850837,0.0253504727975,0.0455172695118,0.929132257691
6915788,0.323541354211,0.379979222369,0.296479423421
6922125,0.0454419295054,0.262155631443,0.692402439051
6816508,0.155218666999,0.350614240073,0.494167092928
6915345,0.0260184376119,0.0826978198414,0.891283742547
7107945,0.251232077565,0.422617456239,0.326150466195
6841711,0.0624379919233,0.139627592322,0.797934415755
6832076,0.0494003761973,0.257165808218,0.693433815584
6868588,0.0720206156346,0.167319085163,0.760660299203
6855095,0.144361810547,0.240905406646,0.614732782807
6927246,0.025157018332,0.147321229101,0.827521752567
7185889,0.062322553709,0.355416146416,0.582261299875
6851285,0.043482126414,0.114436149402,0.842081724184
6911912,0.0150167820072,0.0242832326289,0.960699985364
6896969,0.0458496580128,0.0965968483113,0.857553493676
6850176,0.125188532103,0.503962851385,0.370848616512
6849763,0.440238158075,0.363204846955,0.196556994969
7138918,0.00678164830661,0.131646354145,0.861571997548
6882676,0.00870399008741,0.0339129825422,0.95738302737
6947731,0.0290260663983,0.14297252343,0.828001410172
6868620,0.229017733823,0.403882733085,0.367099533093
6884364,0.240788310083,0.287091977785,0.472119712133
6842550,0.195019977782,0.357502516743,0.447477505475
7157198,0.146860752123,0.677064328824,0.176074919053
6887722,0.00997462340346,0.108214103214,0.881811273382
6867943,0.19035459055,0.341557155447,0.468088254003
6897703,0.00913393611699,0.121614931507,0.869251132376
6851213,0.0342060054483,0.242542051134,0.723251943418
6901598,0.00974648530892,0.0547198915348,0.935533623156
6839149,0.0772260933696,0.361084820918,0.561689085713
6853344,0.0153978402337,0.410360025448,0.574242134318
6878520,0.0329945090265,0.160929520327,0.806075970647
6932934,0.0561691431723,0.340254192042,0.603576664785
7099493,0.0168921886027,0.0792948158892,0.903812995508
6930987,0.219752013583,0.322891276905,0.457356709511
6837262,0.0876052894403,0.785921087709,0.126473622851
6860477,0.36118476948,0.422604153716,0.216211076804
7056211,0.00490432845977,0.0321599211814,0.962935750359
6905427,0.0261862229769,0.0933266856892,0.880487091334
6819183,0.0622628958148,0.230190053263,0.707547050922
6883440,0.215121823827,0.111396334932,0.67348184124
6844933,0.212016625867,0.544953720052,0.243029654081
6859654,0.00129356400545,0.0319315364678,0.966774899527
6943694,0.791892259491,0.101320334104,0.106787406405
6886360,0.0333969368538,0.0772906719873,0.889312391159
6820671,0.0962218632723,0.536005266063,0.367772870664
6937704,0.0116308230019,0.18218233023,0.806186846768
6913202,0.216938620408,0.648622727783,0.134438651809
6897120,0.0271087811804,0.0902221231947,0.882669095625
6828268,0.0055913500896,0.0207779837301,0.97363066618
7091835,0.0689330079945,0.266738831586,0.66432816042
6820450,0.0768035371428,0.370132038272,0.553064424585
6927505,0.0511687109213,0.183910603002,0.764920686077
6899981,0.00136702809412,0.0129930303978,0.985639941508
6831730,0.00502300479266,0.00632015485288,0.988656840354
6907682,0.191088458037,0.46325230683,0.345659235133
6881985,0.134462393833,0.493567012638,0.371970593529
6885163,0.0331543292012,0.0618864888387,0.90495918196
7173080,0.0680262035222,0.52233806878,0.409635727698
6826668,0.0845052420906,0.341092610709,0.574402147201
6861889,0.0819294307845,0.285868730639,0.632201838576
6864608,0.319909019336,0.536194721679,0.143896258986
6903474,0.236213206341,0.485690806722,0.278095986936
6885104,0.375599927354,0.498614615118,0.125785457528
7119278,0.0089186563918,0.0329436700581,0.95813767355
6844928,0.117204352385,0.390744182158,0.492051465458
6904546,0.0533795276298,0.186565940051,0.760054532319
6944447,0.0242045943405,0.240184833397,0.735610572263
6893510,0.242553197338,0.683316526916,0.0741302757462
6882257,0.00275015426783,0.0470237274024,0.95022611833
6832682,0.0162631976174,0.155367152217,0.828369650165
6821110,0.046904533209,0.255180354013,0.697915112778
6917831,0.00492635175466,0.0475067444034,0.947566903842
7190276,0.114976432262,0.430362489906,0.454661077832
6835153,0.0140192988872,0.133286355568,0.852694345545
6825255,0.0607236968184,0.326666680818,0.612609622363
6885511,0.0250433651422,0.127500581923,0.847456052934
6916044,0.00490145124091,0.0901878735813,0.904910675178
6860133,0.788830430846,0.146642967432,0.0645266017218
6843223,0.393947438989,0.526425062416,0.0796274985947
6827012,0.117810084338,0.252596473801,0.629593441862
7176845,0.0604112168407,0.276985027612,0.662603755547
6865073,0.0266434922959,0.286184867424,0.68717164028
6910185,0.00237611707578,0.0312658005847,0.96635808234
6819133,0.375523270077,0.289391322038,0.335085407885
6911145,0.437701422352,0.221105000961,0.341193576687
7195574,0.0542990279797,0.132358445072,0.813342526949
6844807,0.169277087548,0.574162115207,0.256560797244
6864322,0.00879984473012,0.0733155923686,0.917884562901
6824087,0.0892813518231,0.265662065513,0.645056582664
6933161,0.558796595967,0.34804741527,0.0931559887626
6897958,0.00523633828896,0.031586040882,0.963177620829
6939785,0.0115680480741,0.14077238382,0.847659568106
6815083,0.0013498453307,0.0111968122174,0.987453342452
6832525,0.00594142463813,0.0495277028399,0.944530872522
6827996,0.000572065738159,0.0141295312747,0.985298402987
6858708,0.0148645072341,0.0944077917691,0.890727700997
6845673,0.0110892302642,0.121316888695,0.867593881041
6943561,0.388464932428,0.407546531052,0.20398853652
6817080,0.00220201350996,0.0330561730663,0.964741813424
6929503,0.089457017311,0.194606187144,0.715936795545
6855860,0.0306833082577,0.144605926778,0.824710764964
6859814,0.0130327434265,0.171020773506,0.815946483068
6848676,0.0658943902843,0.410748047134,0.523357562582
6822052,0.0163129742643,0.335252732822,0.648434292914
7095477,0.0714281184002,0.163604936439,0.76496694516
6847379,0.00205197479159,0.0308807367083,0.9670672885
6941447,0.0455946650027,0.195528807187,0.758876527811
6936545,0.32901220352,0.513388547445,0.157599249035
6884527,0.00576965465529,0.0665423690437,0.927687976301
6851413,0.0518476690472,0.19600437288,0.752147958073
6907515,0.00399305626269,0.0382312482758,0.957775695462
6942685,0.00649595796411,0.0464023926305,0.947101649405
6844292,0.122107913308,0.555483251637,0.322408835055
6880868,0.0707050526804,0.106953604215,0.822341343105
6812459,0.0019121566615,0.0127849997056,0.985302843633
7176304,0.0561011070082,0.32006758592,0.623831307071
6841077,0.146545271748,0.260586752794,0.592867975458
6918552,0.180944222188,0.604468081265,0.214587696547
6921628,0.11077705393,0.800927750785,0.0882951952844
6820715,0.0718043234352,0.388577509505,0.53961816706
6918623,0.00370672675406,0.0656895932199,0.930603680026
6822067,0.21425257825,0.649343832974,0.136403588776
6825183,0.057190687239,0.106646906051,0.83616240671
6913301,0.0382021742578,0.439055286096,0.522742539646
6925076,0.00914957873173,0.0842237364924,0.906626684776
6819181,0.0860585212207,0.393780606238,0.520160872541
6916732,0.055832285699,0.236648161827,0.707519552474
6852023,0.148892534173,0.17980073379,0.671306732037
6814965,0.187938765414,0.519952119518,0.292109115068
6922147,0.111329591176,0.39037462125,0.498295787574
6815628,0.00173268077943,0.0332411186817,0.965026200539
6932080,0.38838326024,0.332204483321,0.279412256439
6840068,0.00926418363017,0.196642759843,0.794093056527
6842676,0.00525228612574,0.161963452304,0.83278426157
7117666,0.0236474631549,0.16727975023,0.809072786615
6894275,0.1254493476,0.426077046802,0.448473605598
6911881,0.0975464937415,0.256092875189,0.64636063107
6875843,0.0940147684187,0.424239286706,0.481745944875
6942530,0.00122997286897,0.0191569708233,0.979613056308
6838116,0.0595661841675,0.28894551167,0.651488304162
6903340,0.000809859844044,0.00776700203187,0.991423138124
6875151,0.00355174359636,0.0431177454271,0.953330510977
7117345,0.000826607681073,0.00517190274421,0.994001489575
6905183,0.00492237949656,0.0375382678161,0.957539352687
6816814,0.22259861489,0.29334126921,0.484060115899
7113591,0.00208860550993,0.0394297717208,0.958481622769
6889610,0.0152294767239,0.0324320608242,0.952338462452
6890345,0.0462052294205,0.129607387857,0.824187382723
6817235,0.57863509738,0.330941875752,0.0904230268674
6898291,0.00211895859582,0.0603723170989,0.937508724305
6813702,0.0582167083851,0.340641558117,0.601141733498
6864521,0.14240193204,0.497716115981,0.359881951979
6945471,0.030389102056,0.0878146771345,0.88179622081
6821425,0.00662336829545,0.0523119397596,0.941064691945
6913974,0.0032870800073,0.0235943142697,0.973118605723
7172516,0.00963859541323,0.203847672219,0.786513732368
7279908,0.496862369772,0.426564993217,0.0765726370112
6816791,0.00150729449453,0.0536058563999,0.944886849106
6920750,0.0946522009112,0.436023623084,0.469324176005
6881996,0.0112714661212,0.143742511361,0.844986022518
7127658,0.0124608639347,0.0449167846426,0.942622351423
6900722,0.067269594809,0.517082240877,0.415648164314
6816411,0.0538047907695,0.225659391627,0.720535817603
6880562,0.00712700123736,0.0397002381417,0.953172760621
6924403,0.147279713503,0.165843199845,0.686877086652
6904662,0.00510160172608,0.0677435074475,0.927154890826
6933648,0.00423556821907,0.059076095642,0.936688336139
6855625,0.184125376451,0.558734824642,0.257139798908
6947889,0.00160497066635,0.0123464080607,0.986048621273
6947150,0.00198538693742,0.0245834621011,0.973431150961
6942659,0.00749705184872,0.0727025753967,0.919800372755
6826069,0.187622590879,0.421837695317,0.390539713805
6931508,0.0231938256301,0.151516881549,0.825289292821
6872955,0.775572006262,0.164876870634,0.0595511231045
6873569,0.0610612426507,0.342489215407,0.596449541942
6854123,0.00178521814657,0.0226945489889,0.975520232865
7112257,0.0106880341722,0.0370843349514,0.952227630876
6842796,0.0547613393876,0.101330681454,0.843907979159
6888449,0.0101089377497,0.0330202856713,0.956870776579
6856688,0.0340587982043,0.428319242226,0.53762195957
6933615,0.237642226664,0.456261840965,0.306095932371
6926304,0.0562543905481,0.276497816697,0.667247792755
6871792,0.00243955191188,0.0478207100674,0.949739738021
7192685,0.025864490925,0.103803946234,0.870331562841
6906020,0.00162494143018,0.0267879870732,0.971587071497
6888099,0.0155996575083,0.433544141237,0.550856201254
6852889,0.0800248362426,0.30611679721,0.613858366547
6892568,0.057469682212,0.305593366072,0.636936951716
7206674,0.001751593681,0.0463213360637,0.951927070255
6857150,0.00407931022603,0.0315451974545,0.964375492319
6846438,0.00129148684018,0.0193858400604,0.979322673099
6860005,0.139192776259,0.162468901726,0.698338322015
6887056,0.0216251894878,0.162267653471,0.816107157041
6838797,0.0513403419402,0.323549078859,0.6251105792
6882813,0.0799278195599,0.776980078366,0.143092102074
7216277,0.121422368794,0.652882662744,0.225694968461
6933421,0.10561884513,0.417615968204,0.476765186665
6866387,0.0284055889001,0.229504710407,0.742089700693
6874709,0.0675767300952,0.373313453449,0.559109816455
6829862,0.0215456924078,0.076064816071,0.902389491521
6903416,0.000459141003682,0.00734460552126,0.992196253475
6845916,0.0875947850893,0.342897761089,0.569507453822
6925099,0.0203434953998,0.103321444657,0.876335059943
6939131,0.0314368654419,0.242540045541,0.726023089017
6922363,0.0270197804422,0.177572415218,0.79540780434
6824727,0.00405645004575,0.101495576719,0.894447973235
6869191,0.663984948777,0.291657471722,0.0443575795015
6825525,0.0674098359439,0.329195499318,0.603394664738
6844380,0.251832718494,0.495020467147,0.253146814359
6858128,0.153090956581,0.274763526569,0.572145516849
6911222,0.177993186386,0.330119872502,0.491886941112
7185681,0.0216501036959,0.12399963863,0.854350257674
6929325,0.00426328177103,0.138164604102,0.857572114127
6918995,0.0256736651635,0.0465026228137,0.927823712023
6942539,0.0322366719059,0.33740740548,0.630355922615
6858643,0.0439940644248,0.171150567561,0.784855368014
6919009,0.074088846829,0.313075147727,0.612836005444
6827048,0.253019400008,0.0991754016287,0.647805198363
6821352,0.0491195509706,0.142618953902,0.808261495127
7143769,0.00896997773189,0.114628452141,0.876401570127
6905129,0.223111604849,0.536024091627,0.240864303524
6831817,0.0115740796545,0.0739960358712,0.914429884474
6846755,0.0456828939133,0.103477362271,0.850839743816
6948411,0.123387934907,0.327090101032,0.549521964061
6874779,0.445324232185,0.417602818924,0.137072948891
6842436,0.0364670600238,0.192616721342,0.770916218634
6893807,0.544172909617,0.208961391364,0.246865699018
6853206,0.266114630637,0.712911169399,0.0209741999631
6828706,0.0124182336183,0.0930902214693,0.894491544912
6947671,0.00146351672914,0.0567940074498,0.941742475821
6845767,0.635012192071,0.346926960359,0.0180608475706
6932035,0.00639381599463,0.082355643456,0.911250540549
6817203,0.182948284362,0.521364363716,0.295687351922
7105337,0.0515897389547,0.335280103253,0.613130157792
6935314,0.0103764111915,0.0906163409298,0.899007247879
6917582,0.0206011320397,0.211919187477,0.767479680484
6877607,0.156289071443,0.321354583597,0.52235634496
6922486,0.0204913285987,0.158033414114,0.821475257287
6878977,0.0418161117676,0.260237021019,0.697946867213
6854805,0.00736760605416,0.0508696210364,0.941762772909
6854655,0.140703377522,0.334920119007,0.524376503471
6871674,0.0421152701935,0.267611420703,0.690273309103
6884265,0.201049668995,0.466401406684,0.332548924321
6820190,0.0892432887783,0.382491214332,0.52826549689
6831183,0.426717511057,0.458921190412,0.114361298531
6877068,0.016672897666,0.19541004488,0.787917057454
6929379,0.167261064123,0.276630003999,0.556108931878
6883106,0.0323387651256,0.0575643992046,0.91009683567
6878258,0.0297393125806,0.232560375484,0.737700311936
6825210,0.101964689855,0.254227219397,0.643808090747
6915251,0.132232206346,0.36022125398,0.507546539675
6840153,0.0222434925156,0.189338978643,0.788417528842
7216767,0.0146256197335,0.0716874301383,0.913686950128
6936966,0.15004429979,0.404396362755,0.445559337455
6834429,0.250262630894,0.613070624267,0.136666744839
6881293,0.00373795857291,0.0515848055994,0.944677235828
6946982,0.185201270393,0.68207500375,0.132723725857
6945922,0.0475705870794,0.138060877852,0.814368535069
6892770,0.0922006626527,0.404571246668,0.50322809068
6943232,0.0414882669732,0.587650491768,0.370861241259
6930412,0.0570363155599,0.406882192479,0.536081491961
6840233,0.0305613900837,0.184608404393,0.784830205523
6942290,0.0418920079083,0.276363684341,0.68174430775
6876899,0.0195398310531,0.0393864822479,0.941073686699
6881098,0.00657855372142,0.0231226776142,0.970298768664
6893437,0.00217850944645,0.0246664398196,0.973155050734
7211841,0.642198538455,0.304622344002,0.0531791175425
6948464,0.0721627640008,0.0968933029053,0.830943933094
6939913,0.122869193608,0.24864211657,0.628488689822
6874138,0.078239950727,0.290142064124,0.631617985149
6892214,0.0786756792775,0.412374322737,0.508949997986
6879437,0.238386852064,0.276742760368,0.484870387568
6826878,0.0483044992519,0.392244440319,0.55945106043
6901369,0.351631594971,0.562606632739,0.0857617722905
6838817,0.306773224769,0.553472391699,0.139754383532
6869941,0.00277225108792,0.0506096585466,0.946618090365
6837953,0.125153976026,0.351272263945,0.523573760029
6925328,0.0443399748885,0.147172188262,0.808487836849
6910040,0.00523036284892,0.128833222391,0.86593641476
6937634,0.236034028941,0.555624169765,0.208341801294
6818911,0.00383563575573,0.00633617539053,0.989828188854
6916308,0.0342432017903,0.715182847919,0.250573950291
6889609,0.197682238862,0.321101195703,0.481216565435
6837770,0.069104559526,0.372755153343,0.558140287131
6885371,0.0160324269023,0.145022429758,0.83894514334
7134240,0.0252004114142,0.180599576764,0.794200011822
6864713,0.0119621435471,0.0585564816971,0.929481374756
6822534,0.00498279179396,0.123055686721,0.871961521485
6887634,0.0872535365775,0.425081455062,0.48766500836
6813277,0.093534591053,0.434111155257,0.47235425369
6895368,0.127973814043,0.391474127054,0.480552058903
6873725,0.195800435268,0.742227059256,0.061972505477
6879711,0.000800466365662,0.00291510727782,0.996284426357
6905671,0.0513387134613,0.115043230521,0.833618056018
7173854,0.0155284987999,0.272068859927,0.712402641273
6855521,0.0656503743407,0.24896710776,0.6853825179
6842431,0.00566822524115,0.0514961498245,0.942835624934
6905259,0.00243955191188,0.0478207100674,0.949739738021
6814717,0.0136976652762,0.124009014999,0.862293319725
6821544,0.0517145492612,0.233343473261,0.714941977478
7218819,0.280938603277,0.500260353209,0.218801043514
6882165,0.0447471559704,0.125214073626,0.830038770404
6913149,0.0358537986287,0.35389093935,0.610255262021
6936637,0.0464669805279,0.174595167751,0.778937851721
6943779,0.0196475854465,0.172133835813,0.808218578741
6941210,0.0332701164823,0.0590172185052,0.907712665012
6870174,0.312502840558,0.283269890711,0.404227268731
6840277,0.114984731749,0.545950542467,0.339064725783
6889865,0.0725323623731,0.41929286876,0.508174768867
6839480,0.229198267917,0.501614575245,0.269187156837
6897438,0.0178156952765,0.192335835991,0.789848468732
6916307,0.00567997796319,0.144979386284,0.849340635753
6916542,0.0254968898709,0.0652009705296,0.909302139599
6865105,0.0133853870204,0.154429608156,0.832185004824
6883962,0.0235178303208,0.204434076956,0.772048092723
7205293,0.053943186852,0.498266500714,0.447790312434
6885757,0.00313330270991,0.0277565472474,0.969110150043
6928013,0.00197438200765,0.0249014546358,0.973124163357
6947829,0.00893018344226,0.0999078135733,0.891162002984
6814286,0.0234236524496,0.149242420019,0.827333927532
6870562,0.0306698569153,0.182540037055,0.786790106029
6841256,0.0164957906803,0.208623289008,0.774880920312
6896001,0.00304663668333,0.0782995530371,0.91865381028
6910404,0.0153447084433,0.130028411964,0.854626879593
6886765,0.0150274194046,0.106800220816,0.878172359779
6876718,0.0254316816139,0.122541260352,0.852027058034
6873791,0.107761663599,0.139626212823,0.752612123579
6827323,0.0079781845361,0.0469431098564,0.945078705607
6939206,0.164369828263,0.340550138997,0.49508003274
7154979,0.0135324155941,0.190981056238,0.795486528168
6938639,0.184575943072,0.72968092411,0.0857431328176
7124351,0.0331658826451,0.237023165268,0.729810952087
6930577,0.140541842873,0.775698434841,0.0837597222861
6925180,0.0239750949023,0.113986752131,0.862038152967
6925733,0.0137753011155,0.0408409683612,0.945383730523
6819317,0.0404453891851,0.147083785149,0.812470825666
6873205,0.142906974757,0.434421944588,0.422671080656
6812140,0.433232338194,0.540790144501,0.0259775173054
6891295,0.809281676412,0.148555683239,0.0421626403487
6831446,0.0101569371513,0.133865958045,0.855977104804
6812686,0.000849278861192,0.00886913354752,0.990281587591
6924394,0.119494736404,0.450175706115,0.430329557481
6857644,0.00855137358103,0.0831795904693,0.90826903595
6927204,0.136050721767,0.267979400197,0.595969878036
6891242,0.0187239415182,0.25807124858,0.723204809902
6874099,0.00440730364869,0.0463050801836,0.949287616168
6896280,0.252659547845,0.335675335585,0.41166511657
6864134,0.0150495102058,0.0534378273587,0.931512662435
6944283,0.00326762337232,0.0632847466557,0.933447629972
6844344,0.00573008250737,0.0265721744755,0.967697743017
6831448,0.0935493690764,0.283931815243,0.622518815681
6881329,0.0439433101655,0.0820847739609,0.873971915874
6876586,0.349366434707,0.471199213775,0.179434351518
6891045,0.711642965822,0.133517338261,0.154839695917
6849395,0.0567905465535,0.500503224564,0.442706228883
6837563,0.0178141772326,0.145485210184,0.836700612583
6933345,0.040450885308,0.375463572761,0.584085541931
6820577,0.350407084731,0.590098161422,0.0594947538476
6913503,0.00523394579588,0.0760325580938,0.91873349611
6830614,0.00536541441841,0.123327359455,0.871307226127
6873695,0.152362029,0.257723435059,0.589914535941
6893715,0.00335183613083,0.040763927472,0.955884236397
7113913,0.00143839216217,0.0213212252618,0.977240382576
6860009,0.121161857905,0.402164061136,0.476674080959
6929039,0.12817923559,0.714154558718,0.157666205692
6896803,0.100658671078,0.273256108707,0.626085220215
6837746,0.0984311314367,0.348438479254,0.553130389309
6912590,0.0353164707091,0.34050743146,0.624176097831
6954309,0.192790909747,0.648256194548,0.158952895705
6862753,0.145404317306,0.524393084756,0.330202597937
6849030,0.0807252144452,0.214477330424,0.70479745513
6884342,0.0487840072749,0.322617563833,0.628598428892
6922331,0.157642035136,0.657792130299,0.184565834565
6836792,0.0512721161459,0.47983665515,0.468891228704
6875303,0.03543316979,0.260045629313,0.704521200897
6916229,0.00399444873803,0.0373806245641,0.958624926698
6942889,0.0824333714017,0.266910595695,0.650656032904
6856407,0.00526885903535,0.0583412969513,0.936389844013
6850896,0.00183781603317,0.0476382605155,0.950523923451
6943671,0.0367884995165,0.170579258599,0.792632241885
6929734,0.217202158288,0.412036187756,0.370761653956
6911959,0.262444406469,0.456682346466,0.280873247065
6856886,0.131247010261,0.457858724773,0.410894264966
6880845,0.000221440885796,0.00354647960236,0.996232079512
6874396,0.359633205487,0.581795428278,0.0585713662349
6863329,0.00764657099281,0.0438425941296,0.948510834878
6833556,0.503063575964,0.325935274911,0.171001149125
7208914,0.00558595268854,0.0174985768375,0.976915470474
6902071,0.078580783813,0.348623332087,0.5727958841
6828432,0.0390716399385,0.349155190713,0.611773169349
6919491,0.118179261924,0.243849870257,0.637970867819
6891124,0.0582330800704,0.234279138432,0.707487781497
6823992,0.0338558915363,0.392741449166,0.573402659298
6879342,0.147748180329,0.380742781293,0.471509038378
6874115,0.149344198366,0.553227249987,0.297428551647
6844566,0.171128449985,0.562794535236,0.266077014779
6896285,0.19965186954,0.531069742303,0.269278388157
6838951,0.0838422144196,0.489670336911,0.426487448669
6868010,0.294003078042,0.452218824498,0.25377809746
6947715,0.0611082760938,0.170711056228,0.768180667678
6876148,0.172170709221,0.394281955838,0.433547334942
6935138,0.000250727321546,0.0033783015849,0.996370971094
6872878,0.0337604461422,0.224666043885,0.741573509972
7203147,0.0147990989725,0.16347404533,0.821726855697
6912958,0.0114964175689,0.257326117673,0.731177464758
6896224,0.299008111023,0.482807895228,0.218183993749
6904025,0.00540095457257,0.0482674829583,0.946331562469
6926309,0.0157551129248,0.307241546989,0.677003340086
6868487,0.0317717879347,0.121951441088,0.846276770977
6851108,0.0240882228065,0.162218450589,0.813693326604
6877279,0.0379350811346,0.3418660378,0.620198881065
6904183,0.0818355097531,0.165665598617,0.75249889163
6867121,0.120924115418,0.135965239381,0.743110645201
6848451,0.128150989418,0.636036152837,0.235812857745
6816630,0.0586910871183,0.17832887143,0.762980041452
6838288,0.000833018104671,0.001447270836,0.997719711059
6872232,0.0276917388603,0.192651427566,0.779656833574
6815193,0.0393350788882,0.228886706942,0.73177821417
6889647,0.0743390190813,0.26139106463,0.664269916288
6869690,0.0648992733606,0.598100770728,0.336999955912
7143383,0.00396023182894,0.0421455992675,0.953894168904
6926009,0.185774581165,0.453631705707,0.360593713128
6881257,0.00669957853816,0.147012418887,0.846288002575
6926099,0.0118014673785,0.165017277115,0.823181255507
6817628,0.10068383416,0.13430358177,0.76501258407
6915707,0.198492773302,0.645718162384,0.155789064313
6856479,0.797456341931,0.17233929562,0.0302043624491
6886612,0.0193885169262,0.0724488524673,0.908162630606
6889379,0.0301522301139,0.177262056765,0.792585713121
6928290,0.0180028176711,0.0668300848509,0.915167097478
6898520,0.143251025558,0.319637534719,0.537111439723
6864005,0.231545799409,0.525840975339,0.242613225252
6817626,0.00560426746585,0.101554067901,0.892841664633
7214948,0.00481147244168,0.0434181648151,0.951770362743
7200145,0.12473499739,0.253221480158,0.622043522452
6835913,0.00827877430262,0.0875213102716,0.904199915426
6812768,0.000488148514055,0.00814441953743,0.991367431949
6842630,0.519319810147,0.449571857527,0.031108332326
6925796,0.092880888174,0.358875968866,0.54824314296
6823738,0.0277137022793,0.162080291414,0.810206006306
7109987,0.0212694379889,0.203620909579,0.775109652432
6848492,0.0546745645263,0.56762426988,0.377701165594
6923234,0.202951541419,0.409163184804,0.387885273776
6897212,0.0166624456334,0.62107789352,0.362259660847
6823506,0.0165289591658,0.322739338645,0.660731702189
6884735,0.524093704506,0.332542355033,0.143363940461
6930964,0.0490174600192,0.392930770171,0.55805176981
6815735,0.0729553269926,0.361254532731,0.565790140277
6941669,0.0141368904014,0.0844949451171,0.901368164481
6919898,0.0658673698779,0.338748423484,0.595384206638
6867402,0.00743372260408,0.0485212322759,0.94404504512
6874372,0.107618736122,0.609034010597,0.283347253281
6870508,0.0879568283887,0.214800701673,0.697242469938
6827182,0.0818986670044,0.142769563178,0.775331769818
6879277,0.273722392534,0.278043306575,0.448234300891
6814025,0.0513538210045,0.25957984346,0.689066335536
7127106,0.138845365469,0.432469319364,0.428685315167
6853313,0.0441528016804,0.174556034995,0.781291163324
6881603,0.0287357249365,0.0542437655352,0.917020509528
6843346,0.392892455942,0.501209319967,0.105898224091
7212764,0.113110224309,0.459756672637,0.427133103054
6845687,0.115013459121,0.695829971058,0.18915656982
7151588,0.00631664333967,0.0629987896396,0.930684567021
6843667,0.175393255006,0.393220936427,0.431385808567
7146069,0.0191830678618,0.0423805299324,0.938436402206
6878221,0.00150145213898,0.025069790097,0.973428757764
7179219,0.0960017676934,0.312670760152,0.591327472154
6815266,0.00302508167525,0.0418241483503,0.955150769974
6816955,0.0181868498678,0.151471730018,0.830341420114
6882802,0.212437664273,0.264664914179,0.522897421549
6943361,0.00764706045815,0.0486613721803,0.943691567362
6948067,0.185576769832,0.517337554994,0.297085675175
6887312,0.0588425413226,0.238670428223,0.702487030455
6888419,0.0530625025326,0.163712589277,0.783224908191
6899126,0.0603247101858,0.251307684595,0.688367605219
6890503,0.00632170842541,0.0490673037324,0.944610987842
6828499,0.00553263235945,0.0478480875001,0.94661928014
6901773,0.384972079534,0.594588360906,0.0204395595599
6877030,0.0514024564583,0.0831377999033,0.865459743638
6879722,0.0499332642094,0.268046353683,0.682020382107
6911924,0.486350530032,0.446907373596,0.0667420963719
7215903,0.350926173132,0.596162349877,0.0529114769913
6861374,0.0439393233622,0.537232493842,0.418828182796
6891718,0.0323881838591,0.153485172073,0.814126644067
6899648,0.0464997627679,0.531655848956,0.421844388276
6912872,0.0993222204903,0.416387217667,0.484290561843
6911066,0.0616988961959,0.316045568608,0.622255535196
6927831,0.0160908090766,0.149451877733,0.83445731319
6937400,0.0042326382889,0.0172387914163,0.978528570295
6821887,0.047460608477,0.158647023624,0.793892367899
6826503,0.0232616479041,0.162563218343,0.814175133753
6874815,0.00123155619885,0.0110002200715,0.98776822373
6836202,0.107860581605,0.343645972918,0.548493445477
6895880,0.307555509548,0.485604005139,0.206840485313
6899679,0.206127192912,0.259111554347,0.534761252741
6943989,0.103498374147,0.772833014307,0.123668611545
6936842,0.00627034390943,0.461424937418,0.532304718673
6876163,0.159379464198,0.372891297955,0.467729237847
6910082,0.147905741175,0.670719982458,0.181374276367
6825877,0.0381401816319,0.281036518323,0.680823300045
6827845,0.0597963471093,0.139195908543,0.801007744348
6913522,0.00201826766537,0.0350069881253,0.962974744209
6843816,0.0499905211181,0.356985803403,0.593023675479
6845032,0.0117838483131,0.0759094434361,0.912306708251
7167244,0.175838105156,0.598315871063,0.225846023781
6896983,0.0432734393783,0.235655690478,0.721070870144
6816547,0.019171386194,0.178483915681,0.802344698125
6923300,0.0253697467551,0.575579106846,0.399051146399
6920433,0.0372062372163,0.302735371623,0.66005839116
6911688,0.00466118524127,0.0179318273641,0.977406987395
6813769,0.0476280523937,0.181487131898,0.770884815708
6903837,0.00659900829327,0.0324477378627,0.960953253844
6829948,0.00118164730965,0.0162889773039,0.982529375386
6932936,0.16941565355,0.501247060538,0.329337285912
6860827,0.00115396212554,0.00448216652784,0.994363871347
6908079,0.344399459902,0.570252141656,0.0853483984421
6938607,0.169870818764,0.539261134045,0.29086804719
6859149,0.416063635837,0.526142746693,0.0577936174702
6924479,0.0617968688852,0.385878517546,0.552324613569
6826987,0.172560533599,0.2674375235,0.560001942901
6925947,0.00232083056289,0.00499599118353,0.992683178254
6930464,0.067217473311,0.362828528831,0.569953997858
6886290,0.0372348778638,0.0937745183231,0.868990603813
6816713,0.0116003087843,0.0679592107021,0.920440480514
6815483,0.18931501453,0.465305114196,0.345379871274
6817289,0.0484456255343,0.105510480068,0.846043894398
6840818,0.014429494009,0.131484798167,0.854085707824
6848084,0.040482083842,0.573106493676,0.386411422482
6828668,0.00250451706673,0.0362196536457,0.961275829288
7164497,0.0201312322381,0.14773335562,0.832135412142
6831058,0.0232912020925,0.464492952243,0.512215845665
6851577,0.00967617523795,0.108493889308,0.881829935454
6885415,0.0505732470994,0.185286573745,0.764140179155
6942513,0.0938610635191,0.471452701816,0.434686234665
6901347,0.266057412323,0.2661570521,0.467785535577
6915900,0.0185804033083,0.0917616259046,0.889657970787
6917755,0.0864919688184,0.77794522678,0.135562804402
6919645,0.0418161117676,0.260237021019,0.697946867213
6882433,0.0293995547136,0.377083545896,0.59351689939
6906339,0.316884752713,0.646760845981,0.0363544013064
6857398,0.0301918246589,0.256886750974,0.712921424367
6940979,0.458731789643,0.249842998587,0.29142521177
6944184,0.0154880443798,0.102346933867,0.882165021753
6835729,0.0177608199181,0.0865585586093,0.895680621473
7211114,0.259582292535,0.556084537204,0.184333170261
6840126,0.150196476706,0.683994173095,0.1658093502
6903547,0.0026559179226,0.033579206266,0.963764875811
6830892,0.00843811738858,0.152478508678,0.839083373933
6862671,0.0409778615157,0.156290829012,0.802731309472
6828488,0.0108949977444,0.0385857009381,0.950519301318
6914974,0.0146710562711,0.0944995152617,0.890829428467
6899054,0.239651389844,0.734641396218,0.0257072139381
6926188,0.00504213140461,0.110988985969,0.883968882626
6868480,0.02779219671,0.186617851426,0.785589951864
6889556,0.0720324793936,0.384230791553,0.543736729053
6869562,0.0299765351936,0.162557555249,0.807465909557
6838540,0.00193054575841,0.0021026755553,0.995966778686
7137762,0.413275308226,0.532220894141,0.0545037976326
6836400,0.000162488248005,0.00206772080476,0.997769790947
6918584,0.0120243758088,0.0531455129822,0.934830111209
6839406,0.059909543345,0.0987698387731,0.841320617882
6868896,0.0713843860475,0.752755089771,0.175860524181
6923012,0.0652458715348,0.280210600068,0.654543528398
7132159,0.013602496653,0.161729473614,0.824668029733
7097198,0.105245111292,0.166821932479,0.727932956229
6837572,0.0370297942844,0.197042304096,0.765927901619
6886964,0.0120301259117,0.0551398980103,0.932829976078
6855487,0.0061277864532,0.0346935651096,0.959178648437
6896092,0.0239753285863,0.1694108951,0.806613776313
6901687,0.0196475854465,0.172133835813,0.808218578741
6910739,0.0815071471952,0.228137160315,0.69035569249
7212552,0.0121416801535,0.0939060012022,0.893952318644
6837980,0.147160316963,0.341434015555,0.511405667481
6932722,0.0245813169274,0.0802874292252,0.895131253847
6839518,0.969221824313,0.0279595645731,0.0028186111136
6914595,0.00545380862801,0.0398421940689,0.954703997303
6912528,0.000877275736079,0.00649610676182,0.992626617502
6903265,0.192029060497,0.42380479311,0.384166146392
7230926,0.0186836586376,0.280283911014,0.701032430348
6844232,0.128546785773,0.664599810703,0.206853403524
6852249,0.0234834848386,0.168704601278,0.807811913884
6889168,0.111637801002,0.533544976658,0.35481722234
7132918,0.0814343214168,0.596406960359,0.322158718225
6891944,0.476537580332,0.386721949547,0.136740470121
6855140,0.257555085609,0.62980367878,0.112641235611
6817532,0.00932338259228,0.0638582623144,0.926818355093
6879535,0.0618107589875,0.669927941753,0.268261299259
7195582,0.058094101472,0.593571565354,0.348334333174
6925609,0.412097655195,0.219460157967,0.368442186838
6871221,0.00910688872246,0.111181917034,0.879711194244
6887105,0.0675941997619,0.191074051659,0.741331748579
6893618,0.12631256327,0.707980801049,0.165706635682
6925446,0.206109224792,0.410291921145,0.383598854064
6926818,0.106216539939,0.539347593284,0.354435866777
6837869,0.523977608938,0.449484428059,0.0265379630028
6877517,0.124302821659,0.201428429299,0.674268749042
6918814,0.0131565039385,0.0776778051648,0.909165690897
6900971,0.011941953436,0.120900166287,0.867157880277
6920422,0.0375344976951,0.063779479626,0.898686022679
6901275,0.244283549584,0.405598522725,0.350117927691
6864786,0.0892868386776,0.434313248687,0.476399912635
6927953,0.250789318183,0.27231201586,0.476898665957
7154532,0.379124892154,0.423894664117,0.196980443729
6824129,0.147256667743,0.350959922416,0.501783409841
6943272,0.0855750994021,0.620785153049,0.293639747549
6864102,0.027996562527,0.0509101093502,0.921093328123
6948533,0.138988200573,0.683879754196,0.177132045231
6822848,0.0483136528259,0.322805406639,0.628880940535
6878555,0.147343995856,0.458226276067,0.394429728076
6897896,0.00087720896911,0.0112482962202,0.987874494811
6915415,0.028294662517,0.168591558764,0.803113778719
7118656,0.19084319585,0.283639032833,0.525517771317
6884005,0.839122679219,0.131940964162,0.0289363566195
6910850,0.148788509653,0.516590924409,0.334620565939
6831247,0.0373864423826,0.191588530375,0.771025027242
6944885,0.000140017215184,0.00737523545167,0.992484747333
6812424,0.0200098389981,0.0998618146616,0.88012834634
6924917,0.182223536357,0.597502398705,0.220274064939
6893192,0.00307798280258,0.0877594897329,0.909162527465
6839324,0.0888693792937,0.682996391574,0.228134229133
6941327,0.122933629567,0.423798390461,0.453267979972
6886984,0.0011275477713,0.00410009643685,0.994772355792
6847502,0.052095710357,0.303107799612,0.644796490031
6881678,0.143073925175,0.523680757444,0.333245317381
6859004,0.0380041860127,0.306442945241,0.655552868746
6941014,0.0494635121634,0.335304748147,0.61523173969
6861827,0.0834836070395,0.564784008603,0.351732384358
6914600,0.0719488900953,0.292261494002,0.635789615902
6883189,0.0109191095079,0.122129569385,0.866951321107
6944036,0.523138487073,0.397515288742,0.0793462241855
6819925,0.00598863612712,0.0244637044983,0.969547659375
7184056,0.0467138664399,0.370393991411,0.582892142149
6926445,0.0758146474633,0.245639059243,0.678546293294
6834787,0.012528360947,0.0874932427839,0.899978396269
7093323,0.00733154070966,0.0473756566184,0.945292802672
6822495,0.0198675845498,0.302647056491,0.677485358959
6857505,0.28391787915,0.479183064393,0.236899056456
6830528,0.112694478252,0.58366979098,0.303635730768
6877256,0.00530437314986,0.076082776166,0.918612850684
6867584,0.156759649052,0.366759880372,0.476480470577
7169247,0.0229343952297,0.239745699677,0.737319905093
6839386,0.0421581683051,0.209542262639,0.748299569056
6836327,0.0303996333795,0.183122467586,0.786477899034
6865731,0.209537327787,0.367118551529,0.423344120684
6860138,0.0561705443576,0.511246209854,0.432583245788
6883204,0.00467834837428,0.0302202723833,0.965101379242
6876760,0.019071040791,0.167923077947,0.813005881262
6818372,0.0613591352091,0.306838021628,0.631802843163
6943523,0.00841620813972,0.224095204648,0.767488587212
6840022,0.00323301535334,0.0299360877441,0.966830896903
6913871,0.159197978679,0.550907315188,0.289894706133
6878499,0.164889637931,0.661862393469,0.1732479686
6851090,0.0916090780195,0.286125280196,0.622265641784
6825584,0.0313068424169,0.366703485812,0.601989671771
6897359,0.171262752223,0.290337656351,0.538399591426
6924075,0.0580121711769,0.134774067263,0.80721376156
6833933,0.292584399512,0.571728489712,0.135687110776
6868771,0.339416484769,0.592992372514,0.0675911427176
7122814,0.025795707508,0.153758462287,0.820445830205
6912552,0.184695318018,0.54019140512,0.275113276861
6882764,0.0536320425472,0.162412391317,0.783955566136
6931485,0.000471749823955,0.00346926071604,0.99605898946
6932526,0.0671359811829,0.360704940713,0.572159078104
6939856,0.0900054310311,0.811599977052,0.0983945919169
7201758,0.0485725807235,0.25238771617,0.699039703107
7125431,0.0283369712041,0.081029552256,0.89063347654
6890921,0.534061222266,0.287797281344,0.17814149639
6943120,0.0320765587669,0.287568974392,0.680354466841
6941800,0.0305991312243,0.0580646444277,0.911336224348
6874937,0.00189843067057,0.00850516344579,0.989596405884
6906680,0.455922790231,0.452900452139,0.09117675763
6819833,0.00251352433092,0.0121768187615,0.985309656908
6822909,0.587722592766,0.379852822966,0.0324245842684
6815695,0.0693661685811,0.430134707014,0.500499124405
7218181,0.156555862961,0.476040052441,0.367404084597
6864463,0.0767522624382,0.265131929358,0.658115808204
6905817,0.0681769258241,0.176755982947,0.755067091229
6868649,0.0318403105889,0.14496407905,0.823195610361
6922751,0.00249850410265,0.0447954691205,0.952706026777
6914885,0.000140017215184,0.00737523545167,0.992484747333
6914021,0.0121153134769,0.0364225385313,0.951462147992
6925738,0.0237926770667,0.162779282645,0.813428040288
6905258,0.0756767273926,0.112568650364,0.811754622243
6878771,0.0251710198724,0.2433544218,0.731474558327
7149272,0.0518357788554,0.317613377058,0.630550844087
6836039,0.114072604365,0.196987765329,0.688939630306
6815348,0.00863841097366,0.02431423479,0.967047354236
6868926,0.0186455560673,0.104808500634,0.876545943299
6846193,0.0273527211239,0.0725340944337,0.900113184442
6879671,0.0485258104115,0.530253645617,0.421220543972
6837401,0.0424364344833,0.440102568396,0.517460997121
6940007,0.00618774762638,0.0928958456842,0.900916406689
6834842,0.00296804115594,0.01621679084,0.980815168004
6940040,0.0202813358332,0.071349364179,0.908369299988
6848982,0.103460408815,0.492107629511,0.404431961674
6938442,0.192277311145,0.722192246181,0.0855304426742
6941611,0.0408904726092,0.259093112785,0.700016414605
6820756,0.0703130809836,0.408073842819,0.521613076197
6872828,0.0232616479041,0.162563218343,0.814175133753
6849701,0.0233948609292,0.277080638781,0.69952450029
6847093,0.0242907566722,0.19597345139,0.779735791938
6938087,0.0205471885231,0.161739630639,0.817713180837
6847455,0.0698199788549,0.551146793041,0.379033228104
6868325,0.159281658434,0.592452002216,0.24826633935
6885882,0.0834207575519,0.629240681068,0.28733856138
6919679,0.111883331532,0.396768943296,0.491347725171
6855109,0.0404910981606,0.15320870375,0.806300198089
6893467,0.0999585011075,0.194451215599,0.705590283293
6858699,0.105407199414,0.337089217283,0.557503583303
6918615,0.238375517149,0.361732850662,0.399891632189
6855112,0.123505347912,0.545548846085,0.330945806003
6824882,0.0179707021819,0.200917203149,0.781112094669
6847624,0.0191337073192,0.129485384249,0.851380908432
6890976,0.017523014841,0.172515312743,0.809961672416
6815650,0.157338810127,0.441271191872,0.401389998001
6871748,0.0438266999471,0.104566603468,0.851606696585
7211539,0.266601657112,0.454168748828,0.27922959406
6910141,0.0476920299416,0.305572475353,0.646735494705
6896551,0.0295909491683,0.197257141843,0.773151908989
6843115,0.179068382165,0.359131190393,0.461800427442
6844674,0.036010837841,0.10812318747,0.855865974689
6885809,0.0909689719533,0.359676789009,0.549354239038
6925812,0.0555226567516,0.0899972010285,0.85448014222
6927678,0.00344236919902,0.0318903380867,0.964667292714
