listing_id,high,medium,low
7142618,0.0400775343431,0.253754962084,0.706167503573
7210040,0.0245187721606,0.0967900284375,0.878691199402
7103890,0.0197443262578,0.108501679656,0.871753994087
7143442,0.0470421910101,0.315158337674,0.637799471316
6860601,0.0714966996321,0.280897129208,0.64760617116
6840081,0.0031974024504,0.0522359993429,0.944566598207
6922337,0.0732505984802,0.289742846332,0.637006555188
6913616,0.186137619165,0.272912484983,0.540949895852
6937820,0.0610721758906,0.174477809889,0.76445001422
6893933,0.0332081184575,0.200480023137,0.766311858406
6832604,0.0204421991442,0.0699558369381,0.909601963918
6915282,0.0533147998445,0.34599088711,0.600694313045
7127565,0.0898847628821,0.388292205829,0.521823031289
6827899,0.0214438645473,0.152275089464,0.826281045989
6934855,0.0182453738558,0.0930926211635,0.888662004981
6861826,0.014821562649,0.142813083502,0.842365353849
6871643,0.171802572157,0.396277780806,0.431919647037
6842542,0.027249647755,0.10147828305,0.871272069195
6934145,0.0738549886243,0.16615015901,0.759994852366
6829365,0.0640907109335,0.356856062814,0.579053226252
7167858,0.0734549365522,0.299719888261,0.626825175187
6859483,0.0296287437529,0.193872958729,0.776498297519
6861377,0.0409370661206,0.25908025561,0.699982678269
6848960,0.0962807781835,0.443138639925,0.460580581892
6918850,0.0155780955086,0.166106820645,0.818315083846
6916867,0.141550790827,0.371638885736,0.486810323437
6895840,0.0501690116765,0.214817952828,0.735013035496
6813539,0.256458992388,0.369010578504,0.374530429108
7116900,0.0670046624182,0.223982643481,0.709012694101
6890328,0.101178474661,0.0776306178257,0.821190907514
6879406,0.0757499465029,0.20656856459,0.717681488907
6824924,0.0482655450339,0.305178521455,0.646555933511
6911302,0.0239475570942,0.0510929813692,0.924959461537
6918742,0.148035716083,0.439235182859,0.412729101057
6910586,0.0720589603451,0.231704823733,0.696236215922
6821750,0.117002525417,0.35087606099,0.532121413593
6860647,0.064136389548,0.445810634151,0.490052976301
6932873,0.149784002924,0.36283995302,0.487376044056
6846053,0.0354561083043,0.141697737442,0.822846154253
6940365,0.0535070785507,0.194696572624,0.751796348825
6931867,0.0653554112415,0.268983757706,0.665660831053
6876383,0.0412670592285,0.212620382145,0.746112558626
6910980,0.156431218768,0.259323779981,0.584245001251
6880877,0.0355753727383,0.12166466036,0.842759966901
6839552,0.0539370875898,0.303492479166,0.642570433245
6838051,0.0780757463029,0.384181111589,0.537743142108
6928201,0.443545801747,0.268216356722,0.288237841532
6945608,0.109070045665,0.526502400321,0.364427554014
6816147,0.0609225648326,0.220933828499,0.718143606669
6868129,0.0444832128354,0.251749020248,0.703767766916
6849448,0.0684313844664,0.249752368135,0.681816247398
7113677,0.206911364598,0.414516971236,0.378571664167
6930856,0.0352876797537,0.133889650049,0.830822670197
6889594,0.0649331914536,0.254906886293,0.680159922253
6842682,0.0552207391454,0.173201484092,0.771577776762
6880366,0.15437251811,0.321951982324,0.523675499566
6835063,0.0228920004937,0.0807770571152,0.896330942391
6820479,0.20991925891,0.360979291491,0.429101449599
6882057,0.0476788157321,0.24001926358,0.712301920688
6834440,0.0382302925473,0.153117968964,0.808651738488
6880846,0.0226595885176,0.156995993188,0.820344418294
6847248,0.00446459697826,0.0410137067985,0.954521696223
6868368,0.0073348036775,0.060061193294,0.932604003029
6943505,0.0341169700025,0.221514199652,0.744368830345
7174304,0.0189254993509,0.0856944672481,0.895380033401
6880747,0.0631191391926,0.193307920703,0.743572940104
6933565,0.0561345558826,0.386122531117,0.557742913001
6888511,0.0569391276104,0.197026215478,0.746034656912
6942704,0.138031366721,0.351079080105,0.510889553174
6840304,0.0958932772049,0.294300591325,0.60980613147
6856860,0.026031995024,0.0998068673011,0.874161137675
6884921,0.00774070867167,0.0477773808359,0.944481910492
6937417,0.012468749359,0.06773027061,0.919800980031
6831129,0.0368934576485,0.14170926664,0.821397275712
6936660,0.0774705550613,0.287166572054,0.635362872885
6940667,0.0419336488912,0.152685744555,0.805380606554
7201307,0.00554742741798,0.0329865981539,0.961465974428
6825434,0.037048396554,0.253332515605,0.709619087841
6848114,0.0303172741735,0.0425410281935,0.927141697633
6947758,0.406286830079,0.430909832063,0.162803337858
6897002,0.171236239288,0.323107613353,0.505656147358
6926661,0.00192945344603,0.028921709175,0.969148837379
6867411,0.0825487133284,0.449881986911,0.46756929976
6910154,0.0349780090945,0.276465969168,0.688556021737
7157900,0.0639203623668,0.310618638163,0.62546099947
6922324,0.0920824776555,0.338696340697,0.569221181647
6863068,0.0240491167144,0.113975011956,0.861975871329
6912109,0.0316954579588,0.163414413596,0.804890128445
6918609,0.104126128635,0.447150306927,0.448723564438
6889300,0.286144776872,0.401373038236,0.312482184892
6837794,0.0780893429763,0.286855581566,0.635055075458
6943098,0.27323538976,0.481965202412,0.244799407828
6927601,0.0706292090677,0.249963725588,0.679407065345
6897826,0.00624910121749,0.0423188762873,0.951432022495
6882892,0.00610127437934,0.0223524500044,0.971546275616
6873384,0.205466032166,0.426389531838,0.368144435996
6934693,0.0363130536225,0.123211843929,0.840475102449
7224450,0.0902005620197,0.314274792162,0.595524645818
6898157,0.0221985587644,0.0976313618443,0.880170079391
6837355,0.00514980975042,0.0326077912149,0.962242399035
6830595,0.131514058831,0.292371710131,0.576114231038
6943561,0.167813906473,0.376464478938,0.455721614589
6844380,0.154207680423,0.358468505789,0.487323813788
6814286,0.0322694526127,0.134944476154,0.832786071233
6898520,0.112415873335,0.475136524839,0.412447601826
6940979,0.318443592268,0.343862941102,0.33769346663
6851090,0.101903709367,0.166439367337,0.731656923296
7107169,0.0100687197308,0.0579756864873,0.931955593782
6830287,0.104552267147,0.33792134484,0.557526388014
6933575,0.0617781151932,0.361522001501,0.576699883306
6938972,0.0623450253853,0.283174756158,0.654480218456
6888315,0.00960849652754,0.0405999652338,0.949791538239
6855106,0.0391961266534,0.231569896133,0.729233977214
6838237,0.295848961375,0.413004942836,0.291146095789
6901024,0.129863907965,0.36132392897,0.508812163065
6846627,0.0134934715238,0.107187330936,0.87931919754
7219857,0.00272646654854,0.0202150430819,0.97705849037
6852685,0.129981011655,0.326281644677,0.543737343668
6831610,0.0485326057878,0.274249509049,0.677217885163
6943538,0.046185126082,0.433593001403,0.520221872515
6911637,0.0270768131727,0.0871265732108,0.885796613617
6854543,0.0413637524462,0.129678316323,0.828957931231
6940451,0.169857168677,0.372382953442,0.457759877881
6819530,0.199114245538,0.14022302829,0.660662726172
7093396,0.0362479227399,0.279303413817,0.684448663443
6840326,0.00235081586834,0.0315674352015,0.96608174893
6834204,0.00700150924978,0.0330536345444,0.959944856206
6902518,0.247035676411,0.447447359414,0.305516964175
6930253,0.0200793722269,0.160774297655,0.819146330118
6828293,0.00760534640364,0.045278783341,0.947115870255
7203744,0.457791676228,0.300054773865,0.242153549907
6816478,0.110444132426,0.316194740672,0.573361126902
6868890,0.042291607179,0.247191540868,0.710516851953
6879338,0.0555198656191,0.365699374894,0.578780759487
6898532,0.0152443838944,0.151446054202,0.833309561904
6899965,0.00400466815616,0.098600069765,0.897395262079
7133875,0.00657242056433,0.0440649292989,0.949362650137
6822218,0.035949298028,0.212221072141,0.75182962983
6814018,0.148240230106,0.29748392256,0.554275847334
6896376,0.0926986348428,0.265567603155,0.641733762002
6918670,0.258218045557,0.435372163229,0.306409791214
6867839,0.00256630286552,0.0168207551362,0.980612941998
6823554,0.00322193320688,0.0236584113908,0.973119655402
6934798,0.0500599759319,0.14797223969,0.801967784379
6820823,0.136369365163,0.334133450644,0.529497184193
6880212,0.0403808077814,0.135324408036,0.824294784183
6934814,0.0172303633367,0.0736741854027,0.909095451261
7254134,0.0441089113891,0.168351179197,0.787539909414
6938303,0.177758118148,0.480510061675,0.341731820177
6813807,0.103639692687,0.322542597535,0.573817709778
6878604,0.00240026083072,0.0311021837708,0.966497555398
6876763,0.00370320494436,0.0349791629848,0.961317632071
6844352,0.0239510066015,0.177314850315,0.798734143084
6915939,0.210573669675,0.386406016269,0.403020314056
7109370,0.0467290429309,0.140140680458,0.813130276612
6855445,0.0350991398188,0.272432125419,0.692468734762
6818668,0.0685042308428,0.308980948362,0.622514820795
6836527,0.000484999915119,0.00624782592929,0.993267174156
6831717,0.0273026611596,0.163624881067,0.809072457774
6937162,0.0324506133752,0.299333863811,0.668215522814
6922876,0.132990094929,0.322126898342,0.544883006729
7109482,0.0490274795466,0.376902867746,0.574069652708
6940972,0.0452137090469,0.253209381082,0.701576909871
6883790,0.138496101925,0.296539065479,0.564964832596
6921643,0.0777768824221,0.284702577735,0.637520539843
6935700,0.0215614911626,0.129684797846,0.848753710991
6827025,0.0799874421355,0.403106000925,0.51690655694
6943096,0.0819460232625,0.269299080096,0.648754896641
7161468,0.0161188920108,0.0773651789463,0.906515929043
6879610,0.140643827658,0.268511057745,0.590845114597
6935762,0.120290227595,0.357225503839,0.522484268565
6925042,0.042306671151,0.217115873586,0.740577455263
7121050,0.0580915500868,0.355894058744,0.586014391169
6821601,0.00722924222743,0.0879786097316,0.904792148041
6926810,0.0232019643462,0.163381224113,0.813416811541
6946532,0.0498160395836,0.151473426393,0.798710534023
6875171,0.12671738504,0.286478674066,0.586803940894
7096285,0.138358249414,0.312550374922,0.549091375663
6812321,0.00346728458946,0.0353368901165,0.961195825294
6822697,0.137982656058,0.213822300615,0.648195043326
6941294,0.0319091625606,0.246225162228,0.721865675211
6873564,0.0171945257046,0.129383743326,0.853421730969
6926791,0.017779827854,0.246093224749,0.736126947397
7142444,0.427234411096,0.278354685699,0.294410903205
6878128,0.355906190073,0.38333172306,0.260762086867
6927428,0.07438811192,0.298526746864,0.627085141216
6812674,0.0181030309282,0.0628595226751,0.919037446397
6881774,0.0707631929002,0.277129034475,0.652107772624
7167797,0.0228698286132,0.144409288077,0.83272088331
6865238,0.0594644975173,0.19782404976,0.742711452723
6841710,0.0164755750009,0.0831650484269,0.900359376572
6856334,0.0392523605454,0.116179695634,0.844567943821
6906462,0.022685674902,0.153486812897,0.823827512201
6837438,0.103540205042,0.381522906529,0.514936888429
6908277,0.227819003931,0.499316518376,0.272864477692
6841291,0.0154371818942,0.0793818241103,0.905180993996
6915178,0.0882992305386,0.348238999446,0.563461770016
6893031,0.0928369514439,0.427212842167,0.479950206389
6894985,0.397005425943,0.386438724285,0.216555849772
6931134,0.103634033402,0.339598815373,0.556767151226
6872264,0.201630125098,0.212434883544,0.585934991357
6816953,0.216347108891,0.413404639106,0.370248252003
7163518,0.257990001825,0.416395721569,0.325614276606
6893253,0.0825970560104,0.246000513272,0.671402430718
6943822,0.0196513873707,0.13597053656,0.844378076069
6946313,0.0423876267231,0.176311319114,0.781301054163
6839443,0.0160054366809,0.140617448551,0.843377114768
6911338,0.0441380078685,0.217734656906,0.738127335226
7223877,0.357848344304,0.334121085326,0.30803057037
6917884,0.0572018682658,0.198481474996,0.744316656738
6823126,0.0165497813781,0.0680388760594,0.915411342563
6939488,0.101903709367,0.166439367337,0.731656923296
7196924,0.0248863014184,0.0972760733771,0.877837625205
6905685,0.00535757760894,0.0262951928161,0.968347229575
6894092,0.00523446391369,0.0466825640061,0.94808297208
6812181,0.0240491167144,0.113975011956,0.861975871329
6854610,0.0658918721414,0.293639624639,0.64046850322
6873754,0.0568424028803,0.142730280962,0.800427316157
6859181,0.50988636759,0.239952500535,0.250161131875
6825402,0.0496814402301,0.198740647004,0.751577912766
6819526,0.0183856861815,0.188952739923,0.792661573895
6896065,0.0039281010513,0.0570025775327,0.939069321416
6931793,0.033350774352,0.23490418385,0.731745041798
6907360,0.0134673883594,0.117409840531,0.86912277111
6813182,0.0770769696999,0.258328526343,0.664594503957
6823959,0.0369614840723,0.20894588031,0.754092635618
6942189,0.0703514257464,0.172862361417,0.756786212837
6844384,0.0710651969079,0.301408475797,0.627526327295
6836888,0.215431422695,0.28947857959,0.495089997715
6917844,0.0284915691188,0.0790685620845,0.892439868797
6937842,0.127807687195,0.495760309283,0.376432003521
6926917,0.069668253359,0.268798440883,0.661533305758
7160740,0.0461554569551,0.182473901257,0.771370641788
6936310,0.0888106935028,0.30848221472,0.602707091777
6849109,0.113337945878,0.332667269285,0.553994784837
6831018,0.00534619469327,0.0356030275999,0.959050777707
6909842,0.0166464346858,0.0783496281101,0.905003937204
6861360,0.00845660038089,0.0597149652744,0.931828434345
6883414,0.0170092029497,0.171265535079,0.811725261972
6876026,0.0360925747097,0.144378914889,0.819528510401
7095390,0.00240880767383,0.0218692002617,0.975721992065
6932265,0.180081404364,0.316977529447,0.502941066189
6870949,0.0739519017842,0.194864658168,0.731183440048
6831335,0.060064123074,0.358609210757,0.581326666169
6895698,0.165143676123,0.408478847867,0.426377476009
6889889,0.0595732431417,0.220031266051,0.720395490807
6876679,0.085928325109,0.237505870717,0.676565804174
6947097,0.355906190073,0.38333172306,0.260762086867
6874970,0.0155651483595,0.0768871384634,0.907547713177
6831069,0.358855660648,0.309950404091,0.33119393526
6833628,0.104567418072,0.249999173608,0.64543340832
6819282,0.138578219324,0.420576954686,0.440844825991
6825025,0.0319802514201,0.206052432464,0.761967316116
6856513,0.0680762557957,0.305371185435,0.626552558769
6928711,0.0645552479561,0.179007272366,0.756437479678
6832548,0.0737369553168,0.257174804175,0.669088240508
6881870,0.0287133157888,0.232327198473,0.738959485738
6866978,0.190914518135,0.375054806906,0.434030674959
7163400,0.257990001825,0.416395721569,0.325614276606
6917187,0.0522122074901,0.152064636895,0.795723155615
6927475,0.030465931619,0.211630065913,0.757904002468
6903243,0.0742792935633,0.146804039947,0.77891666649
6876188,0.0808963536708,0.256381865789,0.66272178054
6922219,0.00649856390548,0.0628861484685,0.930615287626
7104085,0.0153995373324,0.0573734717631,0.927226990905
6920897,0.0683078209773,0.275407239327,0.656284939696
6812177,0.0239319831652,0.130070048746,0.845997968089
6941047,0.0554292345547,0.36505317871,0.579517586736
6827609,0.0255668445831,0.0972878769946,0.877145278422
6934328,0.00272385407394,0.0184793380716,0.978796807854
6937556,0.198630900647,0.523776371097,0.277592728256
6879765,0.158262768581,0.443412725666,0.398324505752
6942927,0.0203190055803,0.119693708119,0.859987286301
6945170,0.114785761967,0.436387276901,0.448826961132
6901915,0.0655522230259,0.28950794716,0.644939829814
6824475,0.0387567197827,0.220412826282,0.740830453935
6832968,0.104507972329,0.246566939696,0.648925087975
7166718,0.0063038052875,0.0331377640706,0.960558430642
6905079,0.0340977948014,0.162146345983,0.803755859216
6940297,0.240085427777,0.457557966907,0.302356605316
6911080,0.101883331718,0.390498645418,0.507618022864
6917208,0.0553774421547,0.172148230826,0.77247432702
6858925,0.0359664746726,0.366041039533,0.597992485795
7169883,0.0692713252804,0.367980357863,0.562748316857
6944112,0.39005820825,0.415388812901,0.194552978849
6885816,0.0954981183379,0.240276170008,0.664225711654
6837733,0.0944226668164,0.376238752502,0.529338580682
6828658,0.0257939684052,0.163348134232,0.810857897363
6839429,0.0839522113024,0.304129696947,0.611918091751
7164794,0.0468291125695,0.184502736914,0.768668150516
6837661,0.0233016429698,0.11269157623,0.8640067808
6883255,0.0196883124622,0.133456807739,0.846854879799
6833054,0.0582594534824,0.330518491567,0.611222054951
7675463,0.040963162179,0.313477712197,0.645559125624
6871526,0.00970079104806,0.0688331727882,0.921466036164
6876295,0.0449978306622,0.223832541182,0.731169628156
7204045,0.0029457352227,0.0406920619253,0.956362202852
6840357,0.114790029905,0.393893074923,0.491316895172
6917531,0.0117881737325,0.0516061804232,0.936605645844
6886057,0.306094451212,0.463564517049,0.230341031739
6833734,0.0548337848136,0.290584416585,0.654581798602
6908098,0.101002722445,0.369403956027,0.529593321528
6860562,0.0588039376053,0.354803204941,0.586392857454
6859167,0.0892481972937,0.129869178775,0.780882623931
6812141,0.00525703046102,0.0341500780843,0.960592891455
6919431,0.0185915828392,0.154962825402,0.826445591759
6869389,0.0395279144576,0.148900786758,0.811571298785
6906034,0.151691422061,0.299654341151,0.548654236787
7108495,0.0215049523254,0.0744427345359,0.904052313139
6864681,0.00780394199676,0.0555222909918,0.936673767011
6893982,0.0434801078209,0.197700408876,0.758819483304
6862160,0.0548428828181,0.210631654223,0.734525462959
6854804,0.0796429207242,0.374937633645,0.545419445631
7143164,0.038249526341,0.388322753025,0.573427720633
6936651,0.0535948771439,0.214517343364,0.731887779492
6837450,0.0460874458144,0.182611576716,0.77130097747
6908259,0.618317024339,0.203017959818,0.178665015842
6916539,0.0294434798067,0.153137550477,0.817418969716
6947176,0.128700091709,0.269106455687,0.602193452604
6933958,0.170479596824,0.340164252473,0.489356150703
6816549,0.11728748919,0.376412932772,0.506299578038
6876117,0.00608623116758,0.0408631593138,0.953050609519
6848605,0.0817969195041,0.261394559339,0.656808521157
6840659,0.0328114815269,0.130107548162,0.837080970311
6823496,0.108364132736,0.264784420337,0.626851446927
6912609,0.0401359030598,0.11575682886,0.844107268081
7097937,0.0183476767566,0.0649919796305,0.916660343613
6924524,0.0613671020967,0.223527902929,0.715104994974
6938236,0.0412907224943,0.188608302424,0.770100975081
6865751,0.00561040790795,0.020959980844,0.973429611248
6936323,0.0481780141668,0.265846588705,0.685975397128
6868422,0.163286696386,0.28092612055,0.555787183064
7210133,0.0749951383869,0.307292596294,0.617712265319
7215631,0.0440837564563,0.19684074084,0.759075502704
6940189,0.0475288772811,0.233632083472,0.718839039247
6888941,0.00240515051533,0.0476695422912,0.949925307193
6831598,0.145242346108,0.44803642912,0.406721224772
6939963,0.0113395922265,0.0902290016691,0.898431406104
6897175,0.0620827914812,0.208272638464,0.729644570055
6816167,0.0740468268695,0.242868912959,0.683084260171
6812965,0.0177063646243,0.136265429322,0.846028206053
7149372,0.13072240473,0.269978150817,0.599299444453
6875959,0.0227599232456,0.0793923394479,0.897847737307
6925644,0.0836323133689,0.41277200355,0.503595683081
6874269,0.137068223026,0.29485299323,0.568078783744
6814721,0.0528043884193,0.17585647506,0.77133913652
6922432,0.0582012473748,0.333396219011,0.608402533614
6858861,0.0741389299336,0.197041493641,0.728819576425
6835339,0.00484437675285,0.0291593215199,0.965996301727
6896997,0.209939291653,0.26202969868,0.528031009666
6921134,0.0449958875921,0.0642971656174,0.890706946791
6883685,0.150087047497,0.350965684967,0.498947267536
6911406,0.0178614255014,0.0795281209055,0.902610453593
6825733,0.252600406329,0.405330497379,0.342069096292
6884462,0.147379286827,0.409551168178,0.443069544995
6858682,0.0506743085411,0.195681127246,0.753644564213
6894013,0.161720349195,0.306474594393,0.531805056412
6856391,0.170382548298,0.338501700412,0.491115751291
6828064,0.00876976118626,0.0463816975456,0.944848541268
6817336,0.00182267063046,0.0200046533249,0.978172676045
6819178,0.0723225346486,0.291912428129,0.635765037222
7147339,0.0909161073797,0.256718156831,0.65236573579
6887757,0.170479596824,0.340164252473,0.489356150703
6946859,0.0708413992247,0.429116579641,0.500042021134
6855963,0.00657423967525,0.109493398663,0.883932361662
6839828,0.113586333441,0.317543160725,0.568870505833
6870806,0.0772058944215,0.368926448406,0.553867657173
6880221,0.156421047702,0.412793625669,0.430785326629
6921809,0.0802148465578,0.255970043017,0.663815110425
6897069,0.048720963194,0.139502373857,0.811776662949
6897157,0.133544122465,0.348812343182,0.517643534353
6898912,0.028900106922,0.186254683911,0.784845209167
6856271,0.142158879577,0.314441656731,0.543399463692
6888381,0.017924978594,0.0767884700395,0.905286551366
7099191,0.0088536571776,0.0950464624193,0.896099880403
6917882,0.155099151591,0.450740682887,0.394160165522
6931260,0.0184038710434,0.0717542485873,0.909841880369
6849996,0.0584690120719,0.330300729735,0.611230258194
6887973,0.0449396643587,0.266079826341,0.688980509301
6850205,0.137702354808,0.483855941563,0.378441703628
6845657,0.21674270104,0.467787050191,0.315470248769
6930302,0.0974746457959,0.294374240359,0.608151113845
6852391,0.0313204360519,0.090934030211,0.877745533737
6920411,0.411398733701,0.314723778224,0.273877488075
6907999,0.0189080801176,0.202115008275,0.778976911607
6864094,0.0132302737875,0.0843815168657,0.902388209347
6813852,0.102127303557,0.23220318033,0.665669516113
7232295,0.104515211034,0.250711264962,0.644773524004
6896558,0.084346568566,0.363986228566,0.551667202868
6858919,0.0571414687695,0.379636884635,0.563221646596
6847828,0.0979531231836,0.242872038869,0.659174837948
6925116,0.0352026886196,0.254972487309,0.709824824071
6854687,0.0466056434087,0.183584020014,0.769810336577
6946415,0.104099020001,0.515889379238,0.380011600762
6827859,0.0019356551466,0.0204018127123,0.977662532141
6884313,0.27390288474,0.401674514798,0.324422600461
6848651,0.0260728567326,0.235297110253,0.738630033014
7136298,0.0402252830161,0.178983257114,0.78079145987
6874534,0.0812439281737,0.157475559809,0.761280512017
6908942,0.265083086208,0.359723979505,0.375192934287
6894718,0.0392034634531,0.109651754316,0.851144782231
6876449,0.133113058384,0.340899262207,0.525987679409
6825630,0.0946252211088,0.353273677865,0.552101101027
7155655,0.034486299931,0.154816171063,0.810697529006
7201310,0.0208214284515,0.134187305356,0.844991266192
6864334,0.0189969493529,0.134945686782,0.846057363865
6876658,0.0305534238126,0.208475755074,0.760970821114
6842370,0.242073571394,0.473771883755,0.284154544851
6835467,0.364196286814,0.331067984042,0.304735729143
7227368,0.0586836041837,0.404030273916,0.537286121901
6859482,0.131514058831,0.292371710131,0.576114231038
6878641,0.0468922951019,0.291659696122,0.661448008776
6869916,0.000563436812613,0.00757218366537,0.991864379522
6841060,0.0815664454472,0.199321481778,0.719112072775
6887832,0.0331762200182,0.248168087583,0.718655692398
6905898,0.0187219242918,0.0657441657099,0.915533909998
7104742,0.32626347964,0.353067645175,0.320668875184
6948090,0.0524420839155,0.172387303847,0.775170612237
6839851,0.0866215685941,0.357250338949,0.556128092457
6934051,0.0107506115139,0.0608678614475,0.928381527039
6888727,0.0675703379153,0.351623154239,0.580806507845
7167478,0.046550177849,0.140305428388,0.813144393763
6892109,0.106312871365,0.419716606347,0.473970522289
6908544,0.295754472921,0.319985329979,0.3842601971
6921725,0.0636393256307,0.245468110314,0.690892564056
6932343,0.0726602467237,0.464192510191,0.463147243085
6914309,0.00747142056025,0.0630658603772,0.929462719063
6919805,0.0581448804561,0.230616090973,0.711239028571
6947828,0.055645522045,0.197275597347,0.747078880608
6920362,0.0977616394225,0.402233046399,0.500005314179
7110179,0.246433281732,0.460909657419,0.292657060849
6877834,0.0419694737598,0.12763957949,0.830390946751
6876966,0.173161819553,0.319009406209,0.507828774237
6823918,0.0409130219139,0.174677910659,0.784409067427
6871243,0.0283599665527,0.20369115704,0.767948876407
6928189,0.289935687516,0.287481944406,0.422582368078
6852455,0.0662695338886,0.193248796389,0.740481669723
7208631,0.0772722663464,0.361477342862,0.561250390791
6831811,0.070061729745,0.330056099816,0.599882170439
6904276,0.00269832077617,0.0194969045864,0.977804774637
6831589,0.0564289926048,0.207890832808,0.735680174587
6901814,0.223222083957,0.243000630381,0.533777285662
6854667,0.53163661049,0.305832964769,0.162530424741
7192650,0.00960619966052,0.0368535171866,0.953540283153
6836299,0.00346728458946,0.0353368901165,0.961195825294
6887919,0.0251597950662,0.182248559745,0.792591645189
6927679,0.0411077505,0.192547673234,0.766344576266
6855908,0.0354632329989,0.202781654853,0.761755112148
6854766,0.0301001255124,0.154899862278,0.81500001221
6847472,0.0543132089098,0.180903271348,0.764783519742
6862519,0.0474823634637,0.211802686352,0.740714950185
6938819,0.333512121673,0.274405538587,0.39208233974
6945434,0.0583419544245,0.251984768493,0.689673277083
6832722,0.412255903062,0.268719246307,0.319024850631
6852707,0.0634730189651,0.349944578641,0.586582402394
7177680,0.101352473695,0.294975353952,0.603672172354
6834945,0.0224957721526,0.0828282495486,0.894675978299
6890316,0.0697523590496,0.188303980849,0.741943660101
6816620,0.0330991771591,0.223877247212,0.743023575629
6945175,0.0967855416911,0.310280252192,0.592934206117
6914016,0.0655437481595,0.252442252807,0.682013999033
6852619,0.0280299043189,0.183540689094,0.788429406587
6813211,0.0600278293532,0.363658716979,0.576313453668
6820546,0.0133419132553,0.0849335969071,0.901724489838
6836128,0.0458630130511,0.11058602354,0.843550963409
6850557,0.100611491359,0.462296466527,0.437092042114
6864997,0.163056560285,0.501427039378,0.335516400336
6883705,0.0236757249387,0.129672057231,0.84665221783
6898767,0.0204055161232,0.137374438444,0.842220045433
6866020,0.033857171322,0.134114830774,0.832027997904
7126382,0.246433281732,0.460909657419,0.292657060849
6847427,0.0600278293532,0.363658716979,0.576313453668
6841013,0.115304741941,0.325957478667,0.558737779392
6909469,0.017924978594,0.0767884700395,0.905286551366
6922473,0.0437236885639,0.257588406571,0.698687904865
6925906,0.0308845040863,0.205150102034,0.76396539388
6946014,0.0467557819285,0.179555675617,0.773688542455
6820739,0.0631355948322,0.241300997152,0.695563408015
6927559,0.141424166019,0.251114223961,0.60746161002
7174772,0.0170928082938,0.0783681972193,0.904538994487
6931036,0.0716662956601,0.26172629524,0.6666074091
6918163,0.0385221150916,0.265083439546,0.696394445362
6893604,0.215276331637,0.458826771213,0.32589689715
6868844,0.227422580915,0.386398130648,0.386179288437
6814537,0.242708717572,0.574386550175,0.182904732253
6916118,0.0438232510449,0.139820752409,0.816355996546
6838509,0.0586310983624,0.312319954488,0.62904894715
6919725,0.200806030381,0.39710516949,0.40208880013
6932476,0.00117730232158,0.00798456906871,0.99083812861
6860496,0.0447406014903,0.225459990462,0.729799408048
7156799,0.0867478525927,0.438639752819,0.474612394588
6837521,0.0596486974954,0.298839595009,0.641511707495
6913204,0.0976990390642,0.398668043167,0.503632917768
6947516,0.0501054880193,0.284348147232,0.665546364749
6838117,0.014517255612,0.132268478219,0.853214266169
6933366,0.0823622920629,0.253281354968,0.664356352969
7134198,0.0223824686608,0.160908469985,0.816709061354
6898450,0.0615821293974,0.370011651388,0.568406219214
6819926,0.0466056434087,0.183584020014,0.769810336577
6947698,0.114754906638,0.358013430318,0.527231663044
6838721,0.0412026535207,0.122306521589,0.83649082489
6936661,0.0863388196321,0.50346538248,0.410195797888
6912257,0.0591932226853,0.296917251674,0.643889525641
6905569,0.0183005201856,0.111647962554,0.870051517261
6927167,0.0613082347784,0.215503964854,0.723187800368
7150689,0.00715274366104,0.0353626102916,0.957484646047
6820358,0.0284810576364,0.173737529434,0.797781412929
6945045,0.0845975816256,0.326543365414,0.588859052961
6866884,0.0884581063277,0.25256025334,0.658981640333
6820658,0.0950829161096,0.315086435858,0.589830648032
6826462,0.0745625991307,0.561802149333,0.363635251536
6932390,0.0534997009412,0.273198079964,0.673302219094
6905031,0.393713768101,0.445477415271,0.160808816627
6923011,0.0482869886392,0.353432006364,0.598281004997
6908504,0.0885859542895,0.311747028727,0.599667016983
6881050,0.0775582592817,0.126801283054,0.795640457664
6892968,0.0284623135603,0.274964709329,0.696572977111
7346996,0.0737934732701,0.216209271909,0.709997254821
6876206,0.0648687874855,0.338640521283,0.596490691231
6813475,0.147162317068,0.33264758322,0.520190099711
7190057,0.0107328242304,0.0630102367569,0.926256939013
6838465,0.157618493317,0.234622002612,0.607759504071
6899364,0.0687141594739,0.209537764368,0.721748076159
6891616,0.000402238066087,0.00328727878493,0.996310483149
6836715,0.142831905836,0.257777491232,0.599390602933
6829616,0.087709534207,0.296315899474,0.615974566319
6829144,0.0192558847671,0.120787781253,0.85995633398
6893064,0.0780272609068,0.29069242414,0.631280314953
6861300,0.0265607757683,0.207171559121,0.766267665111
6926847,0.072469885058,0.338811188605,0.588718926337
6894021,0.0388035643681,0.146870639381,0.814325796251
6897946,0.0197831741176,0.0902136325683,0.890003193314
6835716,0.0734963086576,0.176787675422,0.749716015921
6832160,0.0779626604314,0.241734075221,0.680303264347
6835291,0.0899209163332,0.238625162408,0.671453921259
6945184,0.0440525012163,0.161522051848,0.794425446936
7140488,0.134990367353,0.434343380565,0.430666252082
6937850,0.131471580522,0.356250165608,0.512278253871
6899603,0.146781967923,0.208667680667,0.644550351411
6903105,0.267927925375,0.462192241119,0.269879833506
6828476,0.0115706597547,0.0664958045827,0.921933535663
6835098,0.00570102338005,0.0367210720815,0.957577904538
6830512,0.110184637416,0.255714043689,0.634101318895
6879997,0.0448480089094,0.150588280053,0.804563711037
7131517,0.134484191624,0.35513001687,0.510385791506
6835955,0.241026235529,0.291750538954,0.467223225518
6875250,0.0335173739463,0.113895641819,0.852586984234
6932794,0.103262763782,0.422551870748,0.47418536547
6948263,0.191787456621,0.484671956626,0.323540586753
6867201,0.20377687734,0.390408079875,0.405815042785
6882748,0.0646286076107,0.0544151503588,0.880956242031
6902842,0.104911822598,0.40555404768,0.489534129722
6847535,0.038874574409,0.199669602041,0.76145582355
6825267,0.134591208251,0.190190724306,0.675218067443
6909277,0.0464837685916,0.121344346239,0.832171885169
7152429,0.242271269722,0.426862609464,0.330866120814
6931179,0.0213228897549,0.0731654791169,0.905511631128
6896746,0.0964288698654,0.299303335829,0.604267794305
6937073,0.00237179896561,0.0430531695868,0.954575031448
6934627,0.0146249151212,0.0482541654434,0.937120919435
6887878,0.145355550202,0.334821205057,0.519823244741
6921531,0.0546689055735,0.227944945174,0.717386149252
6897461,0.0173230115141,0.0744063651814,0.908270623304
6862066,0.0626623466583,0.242926939932,0.69441071341
6851531,0.097287200265,0.307748798784,0.594964000951
6928550,0.0155784193352,0.0715851377437,0.912836442921
6945851,0.0319512918293,0.162028273363,0.806020434808
6946955,0.0189025411809,0.0656827510899,0.915414707729
6869136,0.221192297543,0.397816275897,0.38099142656
6908667,0.118201663395,0.277533390004,0.604264946601
6820525,0.0321079391924,0.222180185905,0.745711874902
6887970,0.0939025161275,0.42789215647,0.478205327402
6848365,0.0436799759173,0.272668141417,0.683651882666
6816173,0.0482170389888,0.166938731866,0.784844229145
6900732,0.050802916847,0.142858438855,0.806338644298
6815786,0.0452115825943,0.331011463884,0.623776953522
6945972,0.0789167192659,0.52203989928,0.399043381454
6848445,0.031371570792,0.213128585204,0.755499844004
6856486,0.102710958092,0.283292093175,0.613996948733
6867010,0.0902649463652,0.318243795774,0.591491257861
6828257,0.0956006520907,0.297696923649,0.60670242426
6871807,0.0300376663773,0.17878454588,0.791177787743
7212966,0.0257504542305,0.0979060571079,0.876343488662
6889959,0.0314199570519,0.0925670617116,0.876012981237
6915510,0.0474395961321,0.192848737959,0.759711665909
6905402,0.021745305024,0.19803916095,0.780215534026
6826100,0.0382797729893,0.346867066912,0.614853160099
6848893,0.0298022561302,0.143066495502,0.827131248368
7155647,0.061922762817,0.176459761179,0.761617476004
6812883,0.245867103248,0.457957084778,0.296175811974
6866095,0.00968628292165,0.078631291508,0.91168242557
6931127,0.00353426846903,0.0259555476722,0.970510183859
6829407,0.146092668874,0.334994258467,0.518913072659
6867548,0.257990001825,0.416395721569,0.325614276606
7132575,0.071528841605,0.398475925369,0.529995233026
6890847,0.0300330844695,0.179472903173,0.790494012358
6916429,0.132343519976,0.240130791015,0.627525689009
6884716,0.358855660648,0.309950404091,0.33119393526
6896897,0.702738979662,0.174659510871,0.122601509467
6941572,0.0300673071466,0.284132260101,0.685800432752
6945277,0.0738364147771,0.350952450154,0.575211135069
7133293,0.0355753727383,0.12166466036,0.842759966901
7213385,0.00747142056025,0.0630658603772,0.929462719063
6831928,0.0604249779992,0.348876758715,0.590698263286
6932687,0.0804898867313,0.209495275347,0.710014837921
6873877,0.0309446399723,0.193425112552,0.775630247475
7135459,0.134403518642,0.408400099986,0.457196381371
6876620,0.00401376891915,0.0382157728564,0.957770458224
6936163,0.0213510630093,0.140819726076,0.837829210915
6912398,0.140308850126,0.266804354392,0.592886795482
6917655,0.0562039960815,0.187591249489,0.75620475443
6941149,0.0454140626206,0.140809615461,0.813776321919
6941378,0.0310489111471,0.120112536094,0.848838552759
6882453,0.0682820017933,0.225194901172,0.706523097034
7119160,0.011387137602,0.0487248063635,0.939888056035
6868451,0.0480110395728,0.215886149949,0.736102810478
6945881,0.0904810752927,0.289776567336,0.619742357371
6822541,0.0560954493332,0.188610796477,0.755293754189
6884355,0.102758864259,0.426155199957,0.471085935784
7132247,0.0768436445025,0.3043870776,0.618769277898
6872049,0.0465508936409,0.332055968633,0.621393137726
6890740,0.131395463298,0.269017599079,0.599586937623
6840897,0.0468625050634,0.18465879205,0.768478702887
6847694,0.0465951554673,0.170315500385,0.783089344148
6938196,0.0394049786021,0.230286416231,0.730308605167
6939526,0.0409046428602,0.119746910501,0.839348446639
6917529,0.0189254993509,0.0856944672481,0.895380033401
6885636,0.009366214437,0.0851570830576,0.905476702505
7202614,0.00826482657656,0.0444590106505,0.947276162773
6926453,0.0312678159574,0.291509288092,0.677222895951
6844636,0.190722282103,0.351329361663,0.457948356234
6879293,0.230706056575,0.333216831099,0.436077112325
6924780,0.187304285524,0.388478048275,0.424217666201
6881024,0.0673258665681,0.18773035499,0.744943778442
6851374,0.16940196075,0.284192616419,0.546405422832
6850953,0.0309858907267,0.150003982477,0.819010126796
6892292,0.0280301062882,0.17169897346,0.800270920252
6886159,0.0100709342858,0.114237601837,0.875691463877
6849877,0.129492701986,0.38174926483,0.488758033184
6940840,0.0269441871924,0.111682651784,0.861373161024
6926838,0.0766119259512,0.329873098816,0.593514975233
6879243,0.223445799805,0.366751227903,0.409802972292
6944286,0.0641941196157,0.18865530836,0.747150572024
6915587,0.453273731461,0.3499635032,0.196762765339
6881904,0.152437497557,0.214364330448,0.633198171995
7154358,0.218198759926,0.374959561987,0.406841678086
6899258,0.0472986312321,0.215701729413,0.736999639355
6855460,0.16377292543,0.398123796719,0.438103277851
6864884,0.0466056434087,0.183584020014,0.769810336577
6868209,0.0747991895894,0.242653688544,0.682547121866
6853834,0.0720465846141,0.399060228753,0.528893186633
7210020,0.0649381972349,0.232885830438,0.702175972327
6933228,0.039919411438,0.211406285386,0.748674303176
6929227,0.109888291346,0.290633797409,0.599477911245
7192346,0.125492520718,0.359493189339,0.515014289942
6928834,0.0054495053946,0.0405127411914,0.954037753414
6812269,0.00219219171371,0.0220591487519,0.975748659534
6851446,0.135965575077,0.331221092501,0.532813332422
6930820,0.0226584688405,0.146086240972,0.831255290187
6875310,0.0659723354711,0.248112219546,0.685915444983
6932397,0.0552132466484,0.289279751726,0.655507001626
6904291,0.00314310040872,0.0283190047922,0.968537894799
6921642,0.113291611073,0.376309071622,0.510399317305
7136057,0.145260846616,0.341178216794,0.51356093659
6920815,0.0214865554157,0.0743251524499,0.904188292134
6861757,0.113296480215,0.403477774785,0.483225745
6934222,0.314275103646,0.273388805292,0.412336091062
6946448,0.0397322372233,0.164988294461,0.795279468316
6890569,0.0880325118773,0.245200029024,0.666767459099
6884477,0.0266407455769,0.172600129138,0.800759125285
7145006,0.0220190036171,0.0708506310999,0.907130365283
6893718,0.00448829881902,0.107955245746,0.887556455435
6893330,0.0875977484388,0.261041862961,0.6513603886
6901780,0.0411750399546,0.128541384642,0.830283575403
6815738,0.0804344414212,0.357892494528,0.56167306405
6917209,0.0161777061963,0.0777304193371,0.906091874467
6904227,0.00640310713564,0.0434742297409,0.950122663124
6894402,0.0171210852319,0.0612697388427,0.921609175925
7146083,0.0183752614822,0.179590764538,0.80203397398
6902153,0.0100747540264,0.133869914369,0.856055331605
6925988,0.111612684251,0.32247345087,0.565913864879
6881323,0.000809528972133,0.00798794896997,0.991202522058
6937405,0.399153389206,0.174451915485,0.426394695309
7098390,0.0698983880608,0.350115027148,0.579986584792
6935942,0.214402810387,0.2011158093,0.584481380312
6833510,0.0359080998648,0.168298113274,0.795793786861
6812857,0.0386418412832,0.102024215896,0.859333942821
6828441,0.077850524312,0.195999647185,0.726149828503
6915711,0.0988603920726,0.416352900171,0.484786707756
6880643,0.0516051181193,0.150338544916,0.798056336965
7224930,0.0654947928925,0.374093039938,0.56041216717
6852614,0.0132504929364,0.094605428677,0.892144078387
6853816,0.0498520460114,0.338798896317,0.611349057671
6811964,0.212843643987,0.310334829688,0.476821526325
6847800,0.00481257124544,0.036175089222,0.959012339533
6859897,0.185323106913,0.243017648822,0.571659244264
6882929,0.0294204345782,0.220353169777,0.750226395645
7157584,0.0175470867691,0.0733862915855,0.909066621645
6863444,0.0458630130511,0.11058602354,0.843550963409
6836902,0.0254151520348,0.152356174845,0.822228673121
6918960,0.152002148803,0.318311993248,0.529685857949
6882854,0.0541237376073,0.358050126884,0.587826135508
6822755,0.00758044603627,0.0174025184784,0.975017035485
6815184,0.0921623199531,0.364623140518,0.543214539529
6846582,0.0217270350073,0.154537817809,0.823735147184
6940309,0.0374882602325,0.141418717702,0.821093022066
6924056,0.0327985432704,0.273982678137,0.693218778593
6824481,0.0280141914408,0.148616687953,0.823369120606
6839735,0.0314541626527,0.198388213804,0.770157623544
6900130,0.0663354837355,0.372174068464,0.561490447801
6946739,0.0290424035803,0.0949447947447,0.876012801675
7144008,0.0105327491973,0.0644454111212,0.925021839682
6863751,0.0128538257833,0.069665909701,0.917480264516
6820293,0.08325369931,0.317966014007,0.598780286683
6818472,0.0280141914408,0.148616687953,0.823369120606
6832420,0.0633250859358,0.160642691409,0.776032222655
6879450,0.0438622529153,0.0878190443754,0.868318702709
6943618,0.141728436312,0.336970054757,0.52130150893
6883463,0.0477786559516,0.222263431216,0.729957912832
6834919,0.341611938004,0.312365208682,0.346022853314
7505696,0.0774705550613,0.287166572054,0.635362872885
6903645,0.0179356216639,0.0850494670697,0.897014911266
6831148,0.254560367898,0.317674822479,0.427764809622
6828948,0.0468625050634,0.18465879205,0.768478702887
6878495,0.0686396715689,0.2108753075,0.720485020931
6924862,0.0516242583652,0.215016864236,0.733358877399
6887802,0.074554045374,0.264502562404,0.660943392222
6903228,0.251994262798,0.313645694021,0.434360043181
6947415,0.0154529652921,0.0670764769222,0.917470557786
6941508,0.201288961351,0.32011572343,0.478595315218
6856111,0.05534700449,0.348453676483,0.596199319027
7126808,0.11259846828,0.246759896122,0.640641635598
6939857,0.00418725250241,0.0375482295947,0.958264517903
6822528,0.0673046657049,0.291484130277,0.641211204018
6947631,0.10605782586,0.360893393871,0.533048780269
6887810,0.0158275163772,0.178836224533,0.805336259089
6849210,0.100488787251,0.241047436877,0.658463775872
6901742,0.00532376159434,0.0696348455425,0.925041392863
6850925,0.151202195348,0.216222422767,0.632575381885
7181995,0.139883090006,0.294506849867,0.565610060127
6841559,0.00613329450546,0.0861371655373,0.907729539957
6822957,0.0291121062234,0.0952147729876,0.875673120789
6943349,0.0334634356927,0.181147065257,0.78538949905
