listing_id,high,medium,low
7142618,0.0837308524819,0.360587936549,0.555681210969
7210040,0.0943662116791,0.188483501472,0.717150286849
7103890,0.0329803555728,0.140098567653,0.826921076774
7143442,0.090087767536,0.403677361388,0.506234871076
6860601,0.019506302022,0.20804863943,0.772445058548
6840081,0.000422423840831,0.0437909410378,0.955786635121
6922337,0.117998756665,0.287622338662,0.594378904672
6913616,0.137316011772,0.328686593924,0.533997394304
6937820,0.0819387416266,0.176463105291,0.741598153082
6893933,0.0844063578752,0.199988987403,0.715604654721
6832604,0.00840998248057,0.0502755162131,0.941314501306
6915282,0.0949329018628,0.265049208087,0.640017890051
7127565,0.0372118856273,0.206272680368,0.756515434004
6827899,0.0145039359818,0.0907173907777,0.894778673241
6934855,0.0312615121242,0.125634488684,0.843103999192
6861826,0.0598550917568,0.175818650622,0.764326257622
6871643,0.109091685607,0.379298763833,0.511609550559
6842542,0.0145922031658,0.0638446717223,0.921563125112
6934145,0.0462728514462,0.163261904957,0.790465243597
6829365,0.109469331153,0.409565383302,0.480965285545
7167858,0.0976438599726,0.253134567618,0.64922157241
6859483,0.125743542814,0.265857582982,0.608398874204
6861377,0.0595829391955,0.245938672904,0.6944783879
6848960,0.047173658251,0.333821182479,0.61900515927
6918850,0.0750125586299,0.284644168092,0.640343273279
6916867,0.111897930124,0.215681991581,0.672420078295
6895840,0.00435232947745,0.101081219052,0.89456645147
6813539,0.140483936248,0.198344819169,0.661171244583
7116900,0.0872556476537,0.263968913348,0.648775438999
6890328,0.127202602165,0.171197175154,0.701600222681
6879406,0.0537286869625,0.47388201114,0.472389301897
6824924,0.101529653149,0.222155043989,0.676315302862
6911302,0.181711177161,0.226599218658,0.591689604181
6918742,0.145420557626,0.445421597255,0.409157845119
6910586,0.00245862307673,0.0665648998539,0.930976477069
6821750,0.0822401260773,0.342617485092,0.575142388831
6860647,0.0916653328006,0.40461702815,0.50371763905
6932873,0.111777158436,0.468220825998,0.420002015567
6846053,0.0700602660768,0.157051311794,0.772888422129
6940365,0.0109851786038,0.112393559481,0.876621261916
6931867,0.0486969218858,0.410968269317,0.540334808797
6876383,0.107675094413,0.207982927636,0.684341977951
6910980,0.123485597825,0.264475829155,0.612038573021
6880877,0.0517180128096,0.172908413481,0.77537357371
6839552,0.0401547083486,0.306098672954,0.653746618697
6838051,0.122792902732,0.288321945198,0.588885152069
6928201,0.232357322362,0.269104536241,0.498538141397
6945608,0.10207868818,0.435643150857,0.462278160963
6816147,0.0589150438597,0.243631638016,0.697453318124
6868129,0.104757237068,0.319830881,0.575411881932
6849448,0.155127143745,0.323623060847,0.521249795408
7113677,0.0755327807011,0.346685927864,0.577781291435
6930856,0.0736610955668,0.165118860515,0.761220043918
6889594,0.0730689512511,0.292434560617,0.634496488132
6842682,0.0703696657658,0.227966190751,0.701664143483
6880366,0.172644438252,0.296574632093,0.530780929654
6835063,0.0307798563055,0.085242999618,0.883977144077
6820479,0.154936514983,0.308292535,0.536770950018
6882057,0.0378482333125,0.242600343189,0.719551423499
6834440,0.0494757810745,0.226946611272,0.723577607653
6880846,0.096131630644,0.175906068255,0.727962301101
6847248,0.0104094393698,0.065874374506,0.923716186124
6868368,0.00728790988925,0.17330455397,0.819407536141
6943505,0.0602817901036,0.412064602751,0.527653607145
7174304,0.114916224509,0.18369051578,0.701393259711
6880747,0.142047408064,0.322699385332,0.535253206604
6933565,0.0541450983989,0.337074328321,0.60878057328
6888511,0.0958977011148,0.161635884488,0.742466414397
6942704,0.160018251813,0.432099049612,0.407882698575
6840304,0.140691171737,0.343340103749,0.515968724515
6856860,0.0308982441658,0.105655618411,0.863446137424
6884921,0.0348953740725,0.108494307114,0.856610318814
6937417,0.0436541359832,0.104311371608,0.852034492409
6831129,0.0535585180835,0.122079331404,0.824362150513
6936660,0.0984514387742,0.267047504299,0.634501056927
6940667,0.0292827545779,0.167220419857,0.803496825565
7201307,0.000523447925178,0.0519821529853,0.94749439909
6825434,0.0604005872136,0.301759388941,0.637840023845
6848114,0.188761018878,0.230481508533,0.580757472588
6947758,0.241947650672,0.332347073187,0.425705276141
6897002,0.14879422253,0.207013903851,0.644191873619
6926661,0.00528904575281,0.0434879249668,0.95122302928
6867411,0.137354224947,0.377732718559,0.484913056494
6910154,0.0516667513426,0.334319686573,0.614013562085
7157900,0.0688916836503,0.343045256797,0.588063059552
6922324,0.0801340295041,0.390740047612,0.529125922884
6863068,0.0956618549866,0.181775048948,0.722563096065
6912109,0.0725577297223,0.342921318112,0.584520952166
6918609,0.121642184478,0.428375860119,0.449981955404
6889300,0.146791797785,0.417311598228,0.435896603987
6837794,0.117998756665,0.287622338662,0.594378904672
6943098,0.176329020355,0.39448211919,0.429188860455
6927601,0.042989714523,0.196881327303,0.760128958174
6897826,0.0339333480114,0.0866088713279,0.879457780661
6882892,0.00555833277546,0.0448279979347,0.94961366929
6873384,0.17441604388,0.498871368545,0.326712587575
6934693,0.108235188707,0.20824613017,0.683518681122
7224450,0.0685795441294,0.349144297964,0.582276157906
6898157,0.0190859662644,0.0924366693856,0.88847736435
6837355,0.0189224135158,0.0755038548467,0.905573731637
6830595,0.165313376765,0.259213976067,0.575472647168
6943561,0.131154473968,0.379049016971,0.489796509061
6844380,0.100032194959,0.372333244253,0.527634560788
6814286,0.0636045322543,0.173347787333,0.763047680413
6898520,0.112975041885,0.479517677292,0.407507280823
6940979,0.187311534273,0.494951876214,0.317736589514
6851090,0.216111063592,0.271789158793,0.512099777615
7107169,0.0540838450784,0.127999264861,0.817916890061
6830287,0.153038725093,0.318247760379,0.528713514528
6933575,0.141929017355,0.345736347451,0.512334635194
6938972,0.0337056540516,0.209990545214,0.756303800735
6888315,0.013394601669,0.0703255087583,0.916279889573
6855106,0.0733064710744,0.348508178093,0.578185350833
6838237,0.190298491166,0.282172314726,0.527529194108
6901024,0.16166426719,0.418003298781,0.420332434029
6846627,0.0567073849449,0.235141439157,0.708151175898
7219857,0.0138185295297,0.0627213514911,0.923460118979
6852685,0.160992963385,0.293772877484,0.545234159131
6831610,0.00839157508384,0.183742788776,0.80786563614
6943538,0.06744793498,0.46969782254,0.46285424248
6911637,0.00566899507913,0.0474156075533,0.946915397368
6854543,0.0295026717537,0.118179801382,0.852317526864
6940451,0.116338559475,0.417734533809,0.465926906716
6819530,0.0727194565861,0.149520047549,0.777760495865
7093396,0.0568114849116,0.312128208596,0.631060306493
6840326,0.000807014457904,0.0664808253327,0.932712160209
6834204,0.00526990848686,0.0502544205164,0.944475670997
6902518,0.222877198909,0.434002011302,0.343120789789
6930253,0.00413079119045,0.0478176924618,0.948051516348
6828293,0.0012745002448,0.0427289307831,0.955996568972
7203744,0.246944485647,0.366389596205,0.386665918148
6816478,0.13985619853,0.527685508938,0.332458292531
6868890,0.00634671358202,0.0594446907501,0.934208595668
6879338,0.0876844856781,0.366877084052,0.54543843027
6898532,0.0679508805538,0.179435584833,0.752613534613
6899965,0.155787291217,0.24249666353,0.601716045253
7133875,0.0412818118998,0.0955006114322,0.863217576668
6822218,0.0635207942881,0.202668219651,0.73381098606
6814018,0.159561151467,0.358498028823,0.48194081971
6896376,0.0982635670158,0.296456899668,0.605279533316
6918670,0.0939657272829,0.281194808169,0.624839464548
6867839,0.000279192095989,0.0387134767088,0.961007331195
6823554,0.000779649329061,0.0160368145682,0.983183536103
6934798,0.146965466713,0.230433160707,0.62260137258
6820823,0.0579545740896,0.390182488412,0.551862937499
6880212,0.0117574156626,0.082334333647,0.90590825069
6934814,0.041244989553,0.126989051384,0.831765959063
7254134,0.0522979920698,0.119165783581,0.828536224349
6938303,0.112148171933,0.3649424283,0.522909399767
6813807,0.106940263182,0.262913662798,0.63014607402
6878604,2.0665752975e-12,2.89396469917e-06,0.999997106033
6876763,0.127798825708,0.242871255876,0.629329918416
6844352,0.0540761761996,0.306872316773,0.639051507028
6915939,0.207303434205,0.28430458245,0.508391983345
7109370,0.0416875138472,0.142119259145,0.816193227008
6855445,0.0161787006549,0.270607031322,0.713214268023
6818668,0.122439309287,0.227934668079,0.649626022634
6836527,0.0015131024066,0.0226880250767,0.975798872517
6831717,0.0532467631299,0.23124450039,0.71550873648
6937162,0.11805768872,0.250529927254,0.631412384026
6922876,0.148275175752,0.221845019739,0.629879804508
7109482,0.0945049104466,0.446820766163,0.458674323391
6940972,0.126482900984,0.346257957746,0.52725914127
6883790,0.178754951991,0.267757823607,0.553487224402
6921643,0.123312996766,0.292736722654,0.58395028058
6935700,0.033806334879,0.161472955999,0.804720709122
6827025,0.0719723860387,0.210004001695,0.718023612266
6943096,0.0834106591522,0.318265681661,0.598323659187
7161468,0.0770546169912,0.134406514335,0.788538868674
6879610,0.123394033583,0.446073377379,0.430532589038
6935762,0.144012374735,0.474487757539,0.381499867726
6925042,0.0217827342206,0.15218079233,0.82603647345
7121050,0.0886391738606,0.373054371722,0.538306454418
6821601,0.179710916718,0.251503252057,0.568785831225
6926810,0.0631620977493,0.180221393902,0.756616508349
6946532,0.0407650088229,0.180737805851,0.778497185326
6875171,0.212198663912,0.316419617605,0.471381718483
7096285,0.177340153164,0.423777838524,0.398882008312
6812321,0.0503494071088,0.105378821678,0.844271771213
6822697,0.258158719221,0.33907331037,0.402767970409
6941294,0.0467886111009,0.272195822097,0.681015566802
6873564,3.43373886302e-07,0.000584311212386,0.999415345414
6926791,0.0372353624062,0.212229475339,0.750535162254
7142444,0.240110419804,0.272782612454,0.487106967742
6878128,0.169150233412,0.254979827619,0.575869938968
6927428,0.0182451919354,0.198075244776,0.783679563289
6812674,0.0325181331038,0.108345354087,0.859136512809
6881774,0.0162460965819,0.213104853458,0.77064904996
7167797,0.0386285571304,0.209021961234,0.752349481635
6865238,0.0310932241987,0.135898370791,0.83300840501
6841710,0.0807945445153,0.137551011461,0.781654444024
6856334,0.000190748387756,0.0179662361302,0.981843015482
6906462,0.0213035621971,0.178689319452,0.800007118351
6837438,0.165186695921,0.327370531172,0.507442772907
6908277,0.175417766223,0.422551187466,0.402031046311
6841291,0.0638755383393,0.122597216805,0.813527244855
6915178,0.103049064428,0.383143533239,0.513807402333
6893031,0.117959253357,0.484751071139,0.397289675504
6894985,0.256370619271,0.455738692374,0.287890688355
6931134,0.152539517911,0.317858081824,0.529602400265
6872264,0.0862726168668,0.434875982764,0.478851400369
6816953,0.15312016317,0.250983615327,0.595896221502
7163518,0.273837459092,0.345787383475,0.380375157433
6893253,0.0951214976472,0.196242532079,0.708635970274
6943822,0.0590015796348,0.148732339755,0.79226608061
6946313,0.0667150332777,0.135835739712,0.79744922701
6839443,0.0222845191911,0.228709550875,0.749005929934
6911338,0.0786615965096,0.236898422729,0.684439980761
7223877,0.26027657103,0.343304530328,0.396418898642
6917884,0.101315457434,0.213884443029,0.684800099536
6823126,0.0186771508241,0.0774946426352,0.903828206541
6939488,0.216111063592,0.271789158793,0.512099777615
7196924,0.0965825241912,0.190522428275,0.712895047534
6905685,0.0882839397585,0.322161625631,0.589554434611
6894092,0.0695541514573,0.253132137851,0.677313710691
6812181,0.0956618549866,0.181775048948,0.722563096065
6854610,0.0805499070225,0.346822066184,0.572628026794
6873754,0.0728444893274,0.219022045277,0.708133465395
6859181,0.263729859298,0.283460131219,0.452810009484
6825402,0.00795507053575,0.154465990547,0.837578938917
6819526,0.00702463908093,0.115448848033,0.877526512886
6896065,0.0014190070861,0.0797458310367,0.918835161877
6931793,0.0669315317604,0.279985009764,0.653083458476
6907360,0.00530968067836,0.095421875748,0.899268443574
6813182,0.0298878990328,0.186193750865,0.783918350102
6823959,0.0585986596139,0.21584658015,0.725554760236
6942189,0.100361906756,0.214450595407,0.685187497837
6844384,0.0408704584828,0.288581024474,0.670548517043
6836888,0.212743083904,0.302753866437,0.48450304966
6917844,0.0352117428399,0.102914270248,0.861873986912
6937842,0.163284853452,0.47666724045,0.360047906098
6926917,0.0880336704349,0.276981570045,0.634984759521
7160740,0.109635562967,0.193575332915,0.696789104118
6936310,0.125287609968,0.310826156742,0.563886233291
6849109,0.105819329493,0.387516865078,0.506663805429
6831018,0.0102119194743,0.0553882068244,0.934399873701
6909842,0.0461519229997,0.137759434968,0.816088642032
6861360,0.0318264701866,0.106497135146,0.861676394667
6883414,0.0458131958567,0.25834028209,0.695846522053
6876026,0.0724602394655,0.159577952121,0.767961808414
7095390,0.011735850609,0.0518778997392,0.936386249652
6932265,0.133847842926,0.21629102859,0.649861128484
6870949,0.0628227014255,0.292299824086,0.644877474488
6831335,0.0630715509306,0.229845015379,0.70708343369
6895698,0.113805844709,0.347451514081,0.53874264121
6889889,0.0807628488406,0.29216033627,0.627076814889
6876679,0.178942423653,0.300759074405,0.520298501941
6947097,0.169150233412,0.254979827619,0.575869938968
6874970,0.00649763669391,0.0573713111498,0.936131052156
6831069,0.217101991647,0.261588214866,0.521309793487
6833628,0.113441891489,0.220331016223,0.666227092288
6819282,0.0487593136739,0.366315321258,0.584925365068
6825025,0.00216745269876,0.0901487277726,0.907683819529
6856513,0.0622899508294,0.210335561292,0.727374487878
6928711,0.0501782585899,0.151228555405,0.798593186005
6832548,0.0618864087497,0.364792216319,0.573321374931
6881870,0.0201512484623,0.201688141797,0.77816060974
6866978,0.132494939868,0.506160678741,0.361344381392
7163400,0.273837459092,0.345787383475,0.380375157433
6917187,0.140915727444,0.226182485112,0.632901787445
6927475,0.0224910444259,0.208256884942,0.769252070632
6903243,0.0191052527119,0.121003397783,0.859891349505
6876188,0.0991454154272,0.301447249333,0.599407335239
6922219,0.0462753145984,0.103810401802,0.8499142836
7104085,0.0213352177493,0.0727860311476,0.905878751103
6920897,0.097494325075,0.272055692903,0.630449982022
6812177,0.0635176318445,0.157009988666,0.77947237949
6941047,0.0811905219416,0.338015642942,0.580793835117
6827609,0.0158669228024,0.0758416290864,0.908291448111
6934328,0.0149025997785,0.0719648063898,0.913132593832
6937556,0.200377132556,0.310354383918,0.489268483526
6879765,0.113395965683,0.371085084406,0.515518949911
6942927,0.0125192391294,0.0759441589051,0.911536601965
6945170,0.214472329721,0.421808211925,0.363719458354
6901915,0.06619766829,0.298281844721,0.635520486989
6824475,0.0742541028324,0.303169201875,0.622576695292
6832968,0.156181115592,0.251093664093,0.592725220315
7166718,0.0552209711885,0.13908133437,0.805697694441
6905079,0.0493393480505,0.155876581022,0.794784070927
6940297,0.286470134932,0.420139959621,0.293389905447
6911080,0.0761855662617,0.294828025315,0.628986408423
6917208,0.0770546169912,0.134406514335,0.788538868674
6858925,0.0118737209442,0.218283192574,0.769843086482
7169883,0.0642229095227,0.382124083655,0.553653006822
6944112,0.227357014554,0.343640527016,0.429002458429
6885816,0.113809073055,0.175235581995,0.710955344949
6837733,0.0985364513795,0.308713090817,0.592750457804
6828658,0.0166307207737,0.151623706769,0.831745572458
6839429,0.117339500962,0.262627192082,0.620033306955
7164794,0.125155788706,0.205611247253,0.669232964042
6837661,0.0676147465382,0.164472956066,0.767912297396
6883255,0.0581484181652,0.154070628707,0.787780953128
6833054,0.00426486301472,0.145795082224,0.849940054761
7675463,0.0788394741252,0.2060057492,0.715154776675
6871526,0.188591776978,0.246415786841,0.564992436181
6876295,0.00791281062797,0.134882720196,0.857204469176
7204045,0.0227570389815,0.142511334504,0.834731626515
6840357,0.10927616869,0.350157820723,0.540566010587
6917531,0.00888230027366,0.084868772674,0.906248927052
6886057,0.195484806715,0.526252089242,0.278263104043
6833734,0.0830961494133,0.271939254334,0.644964596252
6908098,0.116766667556,0.437348603433,0.44588472901
6860562,0.0535874790651,0.341730029728,0.604682491207
6859167,0.229927962492,0.312571098097,0.457500939411
6812141,0.0224565750304,0.0703843146548,0.907159110315
6919431,0.0445342726344,0.229374303064,0.726091424302
6869389,0.112936503046,0.219894996792,0.667168500162
6906034,0.142430205607,0.304887357474,0.552682436919
7108495,0.0321953095934,0.0991001094097,0.868704580997
6864681,0.0139549853727,0.0707251727665,0.915319841861
6893982,0.109177247627,0.332499841061,0.558322911313
6862160,0.0832513982515,0.207342264789,0.70940633696
6854804,0.101310368561,0.373878280507,0.524811350932
7143164,0.024487154198,0.280627297066,0.694885548736
6936651,0.154615432259,0.289130075229,0.556254492512
6837450,0.105282848682,0.19000619324,0.704710958078
6908259,0.285349515095,0.549609125536,0.165041359369
6916539,0.0679508805538,0.179435584833,0.752613534613
6947176,0.126941781,0.184408066013,0.688650152986
6933958,0.121558882032,0.180721488951,0.697719629017
6816549,0.0579545740896,0.390182488412,0.551862937499
6876117,0.0318068145662,0.0978618307633,0.870331354671
6848605,0.0861924586265,0.434753353104,0.479054188269
6840659,0.0596698570085,0.145484261833,0.794845881158
6823496,0.104698747191,0.24217549226,0.653125760549
6912609,0.0161927063399,0.0799034837409,0.903903809919
7097937,0.0419493982992,0.145385195923,0.812665405778
6924524,0.0397896053399,0.156793495768,0.803416898892
6938236,0.11462409624,0.255749277909,0.629626625851
6865751,0.00256734801425,0.0300204817466,0.967412170239
6936323,0.052090810165,0.258288088489,0.689621101346
6868422,0.126437378875,0.452887556689,0.420675064436
7210133,0.0788568570898,0.275137029383,0.646006113528
7215631,0.142344668525,0.279716267212,0.577939064263
6940189,0.0713739003947,0.176326231912,0.752299867693
6888941,0.00151534560268,0.0343289997566,0.964155654641
6831598,0.150372541922,0.353716829537,0.495910628541
6939963,0.0325032677466,0.0984807593958,0.869015972858
6897175,0.0675483976784,0.206622123519,0.725829478803
6816167,0.0115543553309,0.130703430662,0.857742214007
6812965,0.028328179246,0.171635626742,0.800036194012
7149372,0.184575130425,0.282516014481,0.532908855094
6875959,0.0034924704575,0.0433975571277,0.953109972415
6925644,0.0982581615156,0.372027508034,0.52971433045
6874269,0.106492773142,0.226584626636,0.666922600222
6814721,0.0510439181201,0.163191595018,0.785764486862
6922432,0.0666396911511,0.313601011175,0.619759297674
6858861,0.0416936528906,0.160393563457,0.797912783652
6835339,0.0149378339542,0.0572391000106,0.927823066035
6896997,0.0754510818586,0.275934116734,0.648614801408
6921134,0.0576466290539,0.116550606013,0.825802764934
6883685,0.105057125249,0.413528820907,0.481414053844
6911406,0.012872239057,0.0680685465426,0.9190592144
6825733,0.183768955732,0.405860221563,0.410370822705
6884462,0.186293148032,0.352961061183,0.460745790784
6858682,0.0224245918334,0.191858233382,0.785717174784
6894013,0.0200015163633,0.310482863245,0.669515620391
6856391,0.17406739101,0.238034228895,0.587898380095
6828064,0.0346417766522,0.128868106582,0.836490116766
6817336,0.000906480869422,0.015309215962,0.983784303169
6819178,0.0372140192441,0.360158726849,0.602627253907
7147339,0.200812406419,0.314731318403,0.484456275178
6887757,0.121558882032,0.180721488951,0.697719629017
6946859,0.0884213947373,0.377874553831,0.533704051431
6855963,0.182784658875,0.316233431059,0.500981910067
6839828,0.0999892616335,0.398174555739,0.501836182628
6870806,0.093237598324,0.345318722918,0.561443678758
6880221,0.0522216202688,0.139975178794,0.807803200937
6921809,0.145872352284,0.401030827281,0.453096820435
6897069,0.0631201046544,0.169967029524,0.766912865821
6897157,0.110123254506,0.208711670708,0.681165074787
6898912,0.00155421276604,0.0532522232632,0.945193563971
6856271,0.15763860893,0.218079453838,0.624281937231
6888381,0.0615615837958,0.154100335311,0.784338080894
7099191,3.45945304674e-06,0.00386168344622,0.996134857101
6917882,0.231255628302,0.512466712,0.256277659698
6931260,0.0162856706871,0.07582740402,0.907886925293
6849996,0.0922650282217,0.263161447948,0.64457352383
6887973,0.0418724188203,0.237623563822,0.720504017357
6850205,0.104221376006,0.41378289339,0.481995730604
6845657,0.170924782118,0.273820535537,0.555254682345
6930302,0.116167914437,0.252230639469,0.631601446094
6852391,0.202302566309,0.354083134786,0.443614298905
6920411,0.267575326185,0.491787263086,0.240637410728
6907999,0.0515095850564,0.295290696232,0.653199718711
6864094,0.0533091264401,0.115190862176,0.831500011384
6813852,0.113299682777,0.205024601546,0.681675715677
7232295,0.112936503046,0.219894996792,0.667168500162
6896558,0.0829087624028,0.398491614554,0.518599623043
6858919,0.0781463372795,0.453537979178,0.468315683543
6847828,0.14434144287,0.272286741384,0.583371815746
6925116,0.101083228682,0.222507288581,0.676409482737
6854687,0.114635498041,0.197565928561,0.687798573397
6946415,0.130790611276,0.381083703629,0.488125685095
6827859,0.0161369697629,0.0676453093275,0.91621772091
6884313,0.238302850372,0.369463997666,0.392233151962
6848651,0.0800287036651,0.302472570841,0.617498725494
7136298,0.100990007837,0.274217425514,0.624792566649
6874534,0.0105716988067,0.0799612326486,0.909467068545
6908942,0.106687373262,0.219026873995,0.674285752743
6894718,0.0102299124491,0.0758223839723,0.913947703579
6876449,0.126517156073,0.276013573152,0.597469270774
6825630,0.140691171737,0.343340103749,0.515968724515
7155655,0.00897281776677,0.080732287753,0.91029489448
7201310,0.0442616812729,0.124134221857,0.83160409687
6864334,0.0401086878234,0.128403143533,0.831488168643
6876658,0.0779867694561,0.259161717418,0.662851513126
6842370,0.157342115752,0.279603604272,0.563054279976
6835467,0.183242579945,0.29993652976,0.516820890295
7227368,0.136371275205,0.213715595731,0.649913129064
6859482,0.165313376765,0.259213976067,0.575472647168
6878641,0.0662536376642,0.30077658602,0.632969776316
6869916,0.0273602962507,0.0984613875835,0.874178316166
6841060,0.021322440972,0.127992522288,0.85068503674
6887832,0.0573627324175,0.347511651639,0.595125615944
6905898,0.012456714319,0.0681340917879,0.919409193893
7104742,0.155026190623,0.413464047326,0.431509762051
6948090,0.0799666661855,0.29635973404,0.623673599775
6839851,0.0614058509505,0.38659879446,0.551995354589
6934051,0.0164746563484,0.0832621742269,0.900263169425
6888727,0.0994292963945,0.44249593812,0.458074765486
7167478,0.0376523408494,0.135327984254,0.827019674897
6892109,0.0958524966112,0.380201391864,0.523946111524
6908544,0.199077015206,0.24197706991,0.558945914884
6921725,0.0258712090319,0.229897840104,0.744230950864
6932343,0.0942627830615,0.409937932607,0.495799284332
6914309,0.0456066710403,0.10034310186,0.854050227099
6919805,0.137133043967,0.309174599682,0.553692356351
6947828,0.0935667533954,0.198952574245,0.707480672359
6920362,0.0781703022696,0.302097603382,0.619732094348
7110179,0.257618614641,0.416835729521,0.325545655838
6877834,0.0916276884588,0.190881396992,0.717490914549
6876966,0.120792184319,0.262037559888,0.617170255794
6823918,0.0103307768618,0.112495848736,0.877173374402
6871243,0.0416346375038,0.244530021402,0.713835341094
6928189,0.127488242899,0.270071300129,0.602440456972
6852455,0.0125707964451,0.0991037129903,0.888325490565
7208631,0.117378676336,0.487385516006,0.395235807657
6831811,0.0905076586466,0.240950611688,0.668541729666
6904276,0.00289914882708,0.0308037921935,0.966297058979
6831589,0.072711143289,0.315340536288,0.611948320423
6901814,0.0635303773851,0.175503770247,0.760965852367
6854667,0.253051371232,0.382934463482,0.364014165286
7192650,0.0174078953557,0.0654438214298,0.917148283214
6836299,0.0503494071088,0.105378821678,0.844271771213
6887919,0.0308294312473,0.290652549957,0.678518018796
6927679,0.0830173438735,0.343181039756,0.573801616371
6855908,0.101659048505,0.217423243519,0.680917707976
6854766,0.0431132067306,0.150110765669,0.806776027601
6847472,0.137506821694,0.267194812872,0.595298365434
6862519,0.0137240121286,0.133099781599,0.853176206273
6938819,0.129698197226,0.186258950469,0.684042852306
6945434,0.0182578138307,0.285840032336,0.695902153833
6832722,0.192959992589,0.228995513036,0.578044494376
6852707,0.0527857810564,0.339789928259,0.607424290685
7177680,0.156642271216,0.507322052475,0.336035676309
6834945,0.0429227566239,0.114270804701,0.842806438675
6890316,0.0691292574265,0.175842716528,0.755028026046
6816620,0.00760860538031,0.0954030310371,0.896988363583
6945175,0.0210953603193,0.153789883146,0.825114756534
6914016,0.0794655737696,0.349327070378,0.571207355853
6852619,0.0824601344942,0.182013944453,0.735525921052
6813211,0.0633856795226,0.230351461693,0.706262858785
6820546,0.0498859111429,0.198082653998,0.752031434859
6836128,0.106600376939,0.157313106998,0.736086516063
6850557,0.089686754573,0.220965045029,0.689348200398
6864997,0.00151210266011,0.0502415998705,0.948246297469
6883705,0.013396264811,0.0950128547255,0.891590880463
6898767,0.0126650855657,0.130804868413,0.856530046021
6866020,0.0623570604702,0.148581076716,0.789061862814
7126382,0.257618614641,0.416835729521,0.325545655838
6847427,0.0633856795226,0.230351461693,0.706262858785
6841013,0.0383462807245,0.24455580171,0.717097917565
6909469,0.0615615837958,0.154100335311,0.784338080894
6922473,0.00720093911588,0.101718303259,0.891080757625
6925906,0.125196770721,0.265376969745,0.609426259534
6946014,0.0853431118466,0.331177073059,0.583479815095
6820739,0.0371766655672,0.194143188121,0.768680146311
6927559,0.0988011813761,0.324074819701,0.577123998923
7174772,0.0474387754736,0.12950820965,0.823053014877
6931036,0.016992624585,0.183860647995,0.79914672742
6918163,0.0560687510351,0.336875630013,0.607055618952
6893604,0.226864669986,0.526442772409,0.246692557605
6868844,0.160140052683,0.332070684458,0.50778926286
6814537,0.190050418333,0.403466164261,0.406483417405
6916118,0.0268971446403,0.102919600832,0.870183254527
6838509,0.0796304858455,0.304102299128,0.616267215026
6919725,0.13506478333,0.436471778461,0.428463438209
6932476,9.70985347856e-05,0.0223968277888,0.977506073676
6860496,0.077992658549,0.280651358847,0.641355982604
7156799,0.116368176308,0.444949049429,0.438682774262
6837521,0.0467686085643,0.303581116341,0.649650275094
6913204,0.0929953949999,0.338134291456,0.568870313544
6947516,0.102336168396,0.406319037421,0.491344794183
6838117,0.0661860514646,0.270674578538,0.663139369997
6933366,0.0846248590986,0.152292184031,0.763082956871
7134198,0.0775751224851,0.366573583422,0.555851294093
6898450,0.0810975006569,0.262351876719,0.656550622624
6819926,0.114635498041,0.197565928561,0.687798573397
6947698,0.101958248715,0.466650168448,0.431391582838
6838721,0.00977650215086,0.0705578556145,0.919665642235
6936661,0.26557862618,0.547478991687,0.186942382134
6912257,0.0822353920133,0.392135428982,0.525629179004
6905569,0.00661063913671,0.0797494333613,0.913639927502
6927167,0.0989400379695,0.353113372168,0.547946589863
7150689,0.00804404043703,0.0558092341202,0.936146725443
6820358,0.0531732912666,0.257008940363,0.68981776837
6945045,0.0416518544187,0.299071017069,0.659277128512
6866884,0.120706973441,0.288967833773,0.590325192786
6820658,0.0683905514328,0.444054215549,0.487555233019
6826462,0.143827456083,0.418669319739,0.437503224178
6932390,0.0544465379417,0.375485528978,0.57006793308
6905031,0.0159613617291,0.246907555549,0.737131082722
6923011,0.0657650383529,0.275211355635,0.659023606012
6908504,0.0981085806032,0.223158918834,0.678732500562
6881050,0.193882193239,0.259747560693,0.546370246068
6892968,0.0147244794981,0.118512257405,0.866763263097
7346996,0.091201919404,0.212815227791,0.695982852805
6876206,0.0024495965914,0.0890113749596,0.908539028449
6813475,0.160850153803,0.229963606368,0.609186239829
7190057,0.143656460069,0.228842227536,0.627501312395
6838465,0.10296278647,0.193143302954,0.703893910576
6899364,0.00723288169204,0.12931355167,0.863453566638
6891616,0.00429602441681,0.0428030834707,0.952900892112
6836715,0.0172653268128,0.153946378174,0.828788295013
6829616,0.0796407792447,0.38891141393,0.531447806825
6829144,0.0149082424228,0.0875323255664,0.897559432011
6893064,0.0394550547146,0.330121361352,0.630423583933
6861300,0.0485027690903,0.260893852624,0.690603378286
6926847,0.0207530158531,0.285699121935,0.693547862211
6894021,0.0605450039175,0.129592999564,0.809861996518
6897946,0.125504481195,0.191394705863,0.683100812942
6835716,0.148888178275,0.222251511522,0.628860310203
6832160,0.116792939252,0.215486535578,0.66772052517
6835291,0.0872932339817,0.201712092969,0.710994673049
6945184,0.00283393788882,0.0698394970487,0.927326565063
7140488,0.188138891271,0.535403219239,0.27645788949
6937850,0.15073315225,0.229213207882,0.620053639867
6899603,0.142095762899,0.200681747438,0.657222489663
6903105,0.111219640278,0.218671616181,0.670108743541
6828476,0.0429842493454,0.146892654478,0.810123096177
6835098,0.0214696806121,0.0806190311273,0.897911288261
6830512,0.129412090383,0.233467771645,0.637120137972
6879997,0.0419991971883,0.148128444685,0.809872358126
7131517,0.141552770943,0.315557585272,0.542889643786
6835955,0.160636093724,0.267786440002,0.571577466274
6875250,0.00451344979399,0.0600599276661,0.93542662254
6932794,0.0559729228465,0.402006738508,0.542020338645
6948263,0.0445464895785,0.400201098937,0.555252411484
6867201,0.121999585705,0.393048620558,0.484951793738
6882748,0.121789515056,0.167683570105,0.710526914839
6902842,0.057450973095,0.181569442202,0.760979584703
6847535,0.0228287225178,0.176332865773,0.800838411709
6825267,0.0574355600613,0.152598736258,0.78996570368
6909277,0.142237997737,0.217779379924,0.639982622339
7152429,0.227063825886,0.298411271513,0.474524902601
6931179,0.0238668891292,0.0853353998803,0.89079771099
6896746,0.106677400274,0.31203038619,0.581292213535
6937073,0.00103153903219,0.0185620021999,0.980406458768
6934627,0.000578570250819,0.0151118873671,0.984309542382
6887878,0.148275175752,0.221845019739,0.629879804508
6921531,0.0319297165477,0.257086255175,0.710984028277
6897461,0.0557615027413,0.146959154958,0.797279342301
6862066,0.052438823137,0.202880302467,0.744680874396
6851531,0.211142690816,0.401058048664,0.387799260519
6928550,0.0199490217188,0.0887040654683,0.891346912813
6945851,0.0736158232217,0.210827233258,0.71555694352
6946955,0.0143008775018,0.0731334830699,0.912565639428
6869136,0.178754951991,0.267757823607,0.553487224402
6908667,0.197554866871,0.308120136759,0.49432499637
6820525,0.0730378313183,0.185476364933,0.741485803749
6887970,0.0790416799593,0.238202568889,0.682755751152
6848365,0.088212219685,0.262046690335,0.64974108998
6816173,0.0153941167516,0.227154787096,0.757451096152
6900732,0.067570110597,0.161098125442,0.771331763961
6815786,0.115584865285,0.401630160742,0.482784973972
6945972,0.117927382293,0.246440377523,0.635632240184
6848445,0.0708120184675,0.204448325976,0.724739655556
6856486,0.144226077587,0.259919511392,0.595854411021
6867010,0.077978172716,0.306382437302,0.615639389982
6828257,0.162834337332,0.206819664062,0.630345998606
6871807,0.0657683640011,0.188684119271,0.745547516728
7212966,0.0240211607362,0.0932890112089,0.882689828055
6889959,0.0846892527399,0.140740773606,0.774569973654
6915510,0.0554849466159,0.197586395599,0.746928657786
6905402,0.0832997703525,0.273140811194,0.643559418454
6826100,0.109413431565,0.324932140367,0.565654428067
6848893,0.0569839495079,0.258566176425,0.684449874067
7155647,0.0352204579014,0.127606968251,0.837172573848
6812883,0.113482250018,0.280888316104,0.605629433879
6866095,0.0295686843112,0.145835182156,0.824596133533
6931127,0.0568568799291,0.196015381259,0.747127738811
6829407,0.0473359954551,0.364880042406,0.587783962138
6867548,0.273837459092,0.345787383475,0.380375157433
7132575,0.0629903670155,0.35948322617,0.577526406815
6890847,0.0603678499821,0.144029426148,0.79560272387
6916429,0.134508050193,0.237418354098,0.628073595709
6884716,0.217101991647,0.261588214866,0.521309793487
6896897,0.127674622139,0.207672249261,0.6646531286
6941572,0.119616874691,0.324891329601,0.555491795708
6945277,0.110994817535,0.377648645178,0.511356537287
7133293,0.0517180128096,0.172908413481,0.77537357371
7213385,0.0456066710403,0.10034310186,0.854050227099
6831928,0.0538279440287,0.216813452942,0.729358603029
6932687,0.0395671977425,0.122283698109,0.838149104149
6873877,0.0708748386355,0.250694805643,0.678430355721
7135459,0.108464738785,0.36545499675,0.526080264465
6876620,0.0011772916814,0.0738872829801,0.924935425338
6936163,0.00443154697975,0.127525677208,0.868042775813
6912398,0.0988665461463,0.161393916926,0.739739536928
6917655,0.0962792314111,0.169002884605,0.734717883984
6941149,0.0590873657032,0.183173986143,0.757738648153
6941378,0.0687784243177,0.143861483626,0.787360092056
6882453,0.031276064828,0.184338703457,0.784385231715
7119160,0.119726981807,0.284365190232,0.595907827961
6868451,0.0449579142704,0.216670305591,0.738371780139
6945881,0.0509403268777,0.311843671073,0.637216002049
6822541,0.0958356264876,0.168633335095,0.735531038418
6884355,0.162984417596,0.534104849974,0.30291073243
7132247,0.0951647980631,0.379182859151,0.525652342786
6872049,0.0969689521378,0.25268512598,0.650345921882
6890740,0.164140918722,0.23792721403,0.597931867248
6840897,0.130676821527,0.209658111339,0.659665067135
6847694,0.0972726443762,0.188034883789,0.714692471835
6938196,0.0596169734585,0.352425255176,0.587957771366
6939526,0.0245557742886,0.0983749313982,0.877069294313
6917529,0.114916224509,0.18369051578,0.701393259711
6885636,0.0155611118921,0.0706660174989,0.913772870609
7202614,0.0520488094868,0.121400949511,0.826550241002
6926453,0.0771296730618,0.321542004932,0.601328322006
6844636,0.128404305433,0.436851766835,0.434743927733
6879293,0.141792409979,0.248557524227,0.609650065794
6924780,0.159058592206,0.405899916292,0.435041491502
6881024,0.129698197226,0.186258950469,0.684042852306
6851374,0.119652861558,0.35509342154,0.525253716902
6850953,0.0812780652514,0.269138532298,0.649583402451
6892292,0.00369423359691,0.1168599211,0.879445845304
6886159,0.0240633119332,0.100728971147,0.875207716919
6849877,0.0741509997388,0.202931983132,0.722917017129
6940840,0.0491547724863,0.21254168298,0.738303544534
6926838,0.092531890118,0.341692794147,0.565775315735
6879243,0.0222093468425,0.304784905464,0.673005747693
6944286,0.178754951991,0.267757823607,0.553487224402
6915587,0.231230556315,0.358158651168,0.410610792517
6881904,0.127516616267,0.245413161151,0.627070222582
7154358,0.20303259601,0.320732400572,0.476235003418
6899258,0.0549290397085,0.158241156502,0.78682980379
6855460,0.105833844564,0.496051155118,0.398115000319
6864884,0.114635498041,0.197565928561,0.687798573397
6868209,0.104025617787,0.324737481585,0.571236900628
6853834,0.0766771976854,0.330871341578,0.592451460737
7210020,0.137178311201,0.25826791737,0.604553771429
6933228,0.00962495658096,0.161728742219,0.8286463012
6929227,0.197554866871,0.308120136759,0.49432499637
7192346,0.22580853553,0.396129095545,0.378062368925
6928834,0.0239959777355,0.0937141514804,0.882289870784
6812269,0.0309036021804,0.0823453555508,0.886751042269
6851446,0.0288777847092,0.243329008245,0.727793207046
6930820,0.00660873394037,0.154862058259,0.838529207801
6875310,0.0708109549131,0.19691251194,0.732276533147
6932397,0.0181294349802,0.215359681485,0.766510883534
6904291,0.00966622718915,0.0537280993377,0.936605673473
6921642,0.108833680476,0.346630302715,0.544536016809
7136057,0.213481512154,0.392313339587,0.394205148258
6920815,0.0294791045313,0.094843100227,0.875677795242
6861757,0.0736606199572,0.392248551041,0.534090829002
6934222,0.127202602165,0.171197175154,0.701600222681
6946448,0.0857760646376,0.346264023798,0.567959911564
6890569,0.0866642930747,0.248056769596,0.66527893733
6884477,0.0711678550901,0.175249938772,0.753582206138
7145006,0.0155765741553,0.0603755008868,0.924047924958
6893718,0.000424676453076,0.0439109323875,0.955664391159
6893330,0.058151989536,0.23515428931,0.706693721154
6901780,0.0133260390727,0.120980427245,0.865693533683
6815738,0.142592646844,0.45462721936,0.402780133796
6917209,0.0734657274691,0.131308547868,0.795225724663
6904227,0.0334679656914,0.100361208545,0.866170825764
6894402,0.0342469431902,0.10117154035,0.86458151646
7146083,0.0139130020686,0.205667426727,0.780419571205
6902153,0.0176497360994,0.136122992507,0.846227271394
6925988,0.256710135448,0.449655035015,0.293634829537
6881323,0.0233315327443,0.0835583353814,0.893110131874
6937405,0.15623768978,0.186892161535,0.656870148685
7098390,0.0451130912242,0.297216094394,0.657670814382
6935942,0.0429327190296,0.280806406113,0.676260874857
6833510,0.0963875988569,0.269057308072,0.634555093071
6812857,0.078591706045,0.211103350787,0.710304943168
6828441,0.173754660947,0.279828716218,0.546416622836
6915711,0.118913051136,0.300650220161,0.580436728702
6880643,0.153186658969,0.234678600956,0.612134740075
7224930,0.0696262143205,0.318954224,0.611419561679
6852614,0.00711963517133,0.151058485548,0.84182187928
6853816,0.0145688592837,0.176741460461,0.808689680255
6811964,0.0486258657058,0.212856410152,0.738517724143
6847800,0.0370541075719,0.114710676621,0.848235215807
6859897,0.0995837881675,0.283998769567,0.616417442265
6882929,0.00722765424637,0.129496058149,0.863276287604
7157584,0.0374799044685,0.109778622888,0.852741472643
6863444,0.106600376939,0.157313106998,0.736086516063
6836902,0.00693337596879,0.0496326295958,0.943433994435
6918960,0.109335727793,0.326041614081,0.564622658126
6882854,0.0900243023937,0.40395015971,0.506025537896
6822755,7.89319783224e-06,0.00191189756417,0.998080209238
6815184,0.152414874388,0.317760597035,0.529824528577
6846582,0.0472217981215,0.180923772409,0.77185442947
6940309,0.00212304117385,0.0646250653464,0.93325189348
6924056,0.0387297041402,0.155523520657,0.805746775203
6824481,0.0564112745462,0.226800221084,0.71678850437
6839735,0.0430629851286,0.2480804136,0.708856601272
6900130,0.0829087624028,0.398491614554,0.518599623043
6946739,0.0238903801874,0.099062272626,0.877047347187
7144008,0.0530400581434,0.172072527386,0.774887414471
6863751,0.00702586155449,0.050095109124,0.942879029322
6820293,0.0874824475031,0.380735137056,0.53178241544
6818472,0.0564112745462,0.226800221084,0.71678850437
6832420,0.0607452141371,0.154849917487,0.784404868376
6879450,7.27055402233e-05,0.0198598788309,0.980067415629
6943618,0.0722051711277,0.260308982962,0.66748584591
6883463,0.131297550501,0.327175001582,0.541527447917
6834919,0.213348407552,0.259678332547,0.5269732599
7505696,0.0984514387742,0.267047504299,0.634501056927
6903645,0.0980705184607,0.170484936247,0.731444545293
6831148,0.135340706699,0.189973830481,0.67468546282
6828948,0.130676821527,0.209658111339,0.659665067135
6878495,0.0291814213619,0.17143677426,0.799381804378
6924862,0.0156858131836,0.126232349758,0.858081837059
6887802,0.0774541682034,0.378976518324,0.543569313472
6903228,0.132497868587,0.188114346756,0.679387784657
6947415,6.39340995797e-06,0.00148454172665,0.998509064863
6941508,0.129698197226,0.186258950469,0.684042852306
6856111,0.0853431118466,0.331177073059,0.583479815095
7126808,0.127094872875,0.45807104544,0.414834081685
6939857,0.0368652664769,0.138877028319,0.824257705204
6822528,0.01749494119,0.142021372651,0.840483686159
6947631,0.135227388634,0.475222928794,0.389549682572
6887810,0.0176145525447,0.154861179078,0.827524268377
6849210,0.0919666267396,0.20051829727,0.70751507599
6901742,0.000831463392356,0.0612579612132,0.937910575394
6850925,0.167899298991,0.250966037031,0.581134663978
7181995,0.0878532297829,0.220309245355,0.691837524862
6841559,0.0609770167256,0.148698753123,0.790324230151
6822957,0.0225817765354,0.0969279761794,0.880490247285
6943349,0.0745958872083,0.295499147148,0.629904965644
6923825,0.0956618549866,0.181775048948,0.722563096065
6871218,0.217055196952,0.328512161854,0.454432641194
