listing_id,high,medium,low
7142618,0.0137641923265,0.0993987169837,0.88683709069
7210040,0.108722544574,0.280192361871,0.611085093555
7103890,0.00722594554217,0.057839462395,0.934934592063
7143442,0.0744286924816,0.194346939241,0.731224368278
6860601,0.0169020950445,0.0735737075288,0.909524197427
6840081,0.00744388313585,0.0524122862486,0.940143830616
6922337,0.101220185869,0.310484301305,0.588295512826
6913616,0.11391540928,0.346347216268,0.539737374451
6937820,0.0808314440968,0.249823975161,0.669344580742
6893933,0.0306485201191,0.191246163164,0.778105316716
6832604,0.00281300943805,0.0239022985926,0.973284691969
6915282,0.0306101427369,0.19517799931,0.774211857954
7127565,0.0469199057123,0.194350713869,0.758729380418
6827899,0.0217020052288,0.0989536236449,0.879344371126
6934855,0.000154796347806,0.0326530385563,0.967192165096
6861826,0.00727629801964,0.067652186673,0.925071515307
6871643,0.0287847650896,0.184369152669,0.786846082241
6842542,0.00408799430758,0.0463352252438,0.949576780449
6934145,0.00676248474403,0.0726365773821,0.920600937874
6829365,0.0813855036634,0.245140415769,0.673474080567
7167858,0.0329927203401,0.200412700278,0.766594579382
6859483,0.0323228592953,0.210054458584,0.757622682121
6861377,0.0398894045862,0.141772087096,0.818338508317
6848960,0.0569060630918,0.247696369604,0.695397567304
6918850,0.0105570749233,0.0910874547129,0.898355470364
6916867,0.122392068873,0.350242311,0.527365620127
6895840,0.00936940819493,0.0575300310598,0.933100560745
6813539,0.449188753645,0.318251588936,0.232559657418
7116900,0.0717076755078,0.191673943358,0.736618381134
6890328,0.41574551802,0.395200657177,0.189053824802
6879406,0.0641328323628,0.124688157571,0.811179010066
6824924,0.0297604961434,0.201330083717,0.768909420139
6911302,0.317729406879,0.428838448964,0.253432144156
6918742,0.129161840722,0.304525074618,0.56631308466
6910586,0.0133076243616,0.0511969356,0.935495440038
6821750,0.0107451608615,0.0847752008533,0.904479638285
6860647,0.0128186003817,0.103855525097,0.883325874521
6932873,0.0810585192906,0.230649263746,0.688292216963
6846053,0.0173978862071,0.111877568664,0.870724545129
6940365,0.0359128227096,0.164027586953,0.800059590338
6931867,0.070293752896,0.193073623896,0.736632623208
6876383,0.0933803718504,0.324043935151,0.582575692998
6910980,0.109295603958,0.371111090184,0.519593305858
6880877,0.057055354451,0.266355484267,0.676589161282
6839552,0.0313165009056,0.0965667078105,0.872116791284
6838051,0.11639821849,0.40051633775,0.48308544376
6928201,0.547460617456,0.326945322118,0.125594060426
6945608,0.0628826292955,0.262173792649,0.674943578056
6816147,0.068670788816,0.175939175406,0.755390035778
6868129,0.0314615424234,0.168805577875,0.799732879702
6849448,0.0460628386008,0.273876124248,0.680061037151
7113677,0.0357095173049,0.175031670418,0.789258812277
6930856,0.0171609965364,0.114668348578,0.868170654886
6889594,0.0727956479288,0.182019056744,0.745185295327
6842682,0.0412330771587,0.162897303324,0.795869619518
6880366,0.197721902586,0.428975035256,0.373303062158
6835063,0.00195080152758,0.0285246096939,0.969524588779
6820479,0.241513658379,0.330160512477,0.428325829145
6882057,0.00529665385685,0.0370916400684,0.957611706075
6834440,0.0444815163922,0.226579099684,0.728939383924
6880846,0.00109883039544,0.0139888323473,0.984912337257
6847248,0.00296511578752,0.0213701416902,0.975664742522
6868368,0.0201604057226,0.0725184082618,0.907321186016
6943505,0.0560952477941,0.168048805192,0.775855947014
7174304,0.0323557635148,0.209416771181,0.758227465304
6880747,0.0500321873757,0.183019303977,0.766948508647
6933565,0.0295504998681,0.139830594749,0.830618905383
6888511,0.0135492849011,0.00454305607463,0.981907659024
6942704,0.139108212171,0.33181238712,0.529079400709
6840304,0.0993273691881,0.276182232795,0.624490398017
6856860,0.00529090673042,0.0372097157667,0.957499377503
6884921,0.00340778000929,0.0256547387288,0.970937481262
6937417,0.00910337906411,0.0770693424653,0.913827278471
6831129,0.00013651016777,0.00874507222511,0.991118417607
6936660,0.0944361228434,0.244671674313,0.660892202844
6940667,0.00651426521194,0.0435903440401,0.949895390748
7201307,0.0140659591996,0.0838564493548,0.902077591446
6825434,0.00990050954227,0.0722139468596,0.917885543598
6848114,0.331853548189,0.373306248983,0.294840202828
6947758,0.762571985505,0.125370550361,0.112057464133
6897002,0.111413105868,0.410666722328,0.477920171805
6926661,0.00862475628323,0.0937770289736,0.897598214743
6867411,0.0368165627977,0.232850731331,0.730332705871
6910154,0.00865189971904,0.0488950240914,0.94245307619
7157900,0.00651728195353,0.0577962804415,0.935686437605
6922324,0.00706988644516,0.0614355274788,0.931494586076
6863068,0.0318305523473,0.18210025463,0.786069193023
6912109,0.00903037474193,0.0748999154015,0.916069709857
6918609,0.0182872571459,0.0927036970732,0.889009045781
6889300,0.0435349966867,0.239073672181,0.717391331133
6837794,0.101220185869,0.310484301305,0.588295512826
6943098,0.26069166361,0.282544609746,0.456763726645
6927601,0.038582229089,0.108361941917,0.853055828994
6897826,0.00642835952076,0.0694460775542,0.924125562925
6882892,0.00862475628323,0.0919759537048,0.899399290012
6873384,0.109717729912,0.280425713273,0.609856556815
6934693,0.0986302199764,0.323860520665,0.577509259359
7224450,0.0482487375402,0.121539104969,0.830212157491
6898157,0.00794074847184,0.0450780993159,0.946981152212
6837355,0.0044553459878,0.0311390461869,0.964405607825
6830595,0.150979031627,0.384862290859,0.464158677514
6943561,0.117308213512,0.277661079295,0.605030707192
6844380,0.0721538469576,0.187525408386,0.740320744656
6814286,0.0123470904151,0.100590909564,0.887062000021
6898520,0.0833763165859,0.215161834192,0.701461849222
6940979,0.171010967181,0.330433909572,0.498555123247
6851090,0.45810024483,0.305038162416,0.236861592754
7107169,0.0123470904151,0.100590909564,0.887062000021
6830287,0.157614642697,0.324046861722,0.518338495581
6933575,0.0376879413996,0.216858817109,0.745453241491
6938972,0.0346820743061,0.124971614453,0.840346311241
6888315,0.0329211709039,0.130458519065,0.836620310031
6855106,0.00903037474193,0.0748999154015,0.916069709857
6838237,0.263915450273,0.394244403141,0.341840146586
6901024,0.0317402884657,0.203855879972,0.764403831562
6846627,0.0746823465053,0.181855112786,0.743462540708
7219857,0.00473901124235,0.0342037510893,0.961057237668
6852685,0.107754632789,0.419172188239,0.473073178972
6831610,0.0606220892537,0.131937368488,0.807440542258
6943538,0.0402352620308,0.168434956286,0.791329781684
6911637,0.00347716319443,0.061009106353,0.935513730453
6854543,0.00420513258331,0.0351464250553,0.960648442361
6940451,0.0893367148384,0.237642721371,0.673020563791
6819530,0.0357096353373,0.218666440709,0.745623923953
7093396,0.038249052048,0.17334097342,0.788409974532
6840326,0.00764622429545,0.049716325201,0.942637450504
6834204,0.00437381100974,0.0297031302595,0.965923058731
6902518,0.229105784285,0.414027471652,0.356866744063
6930253,0.0229733204982,0.0801712225935,0.896855456908
6828293,0.000516740313352,0.0206337905765,0.97884946911
7203744,0.697491904096,0.225361271302,0.0771468246023
6816478,0.0633778333078,0.21802790314,0.718594263553
6868890,0.00818512102508,0.0828201407923,0.908994738183
6879338,0.0106007125386,0.0824382398992,0.906961047562
6898532,0.0229310971499,0.157902591524,0.819166311327
6899965,0.16328448771,0.356913757094,0.479801755196
7133875,0.00615474929914,0.0676299068727,0.926215343828
6822218,0.0150636597095,0.120469290022,0.864467050268
6814018,0.171010967181,0.330433909572,0.498555123247
6896376,0.0310753280353,0.204602868438,0.764321803527
6918670,0.033185636248,0.199320538591,0.767493825161
6867839,0.00735639116304,0.0528075154137,0.939836093423
6823554,0.0218173735181,0.0668631610966,0.911319465385
6934798,0.109792136271,0.329627519125,0.560580344603
6820823,0.0522617535292,0.245893377583,0.701844868888
6880212,0.00874489641936,0.0749771186164,0.916277984964
6934814,0.0595999532076,0.213575838116,0.726824208677
7254134,0.0102953251802,0.103753983233,0.885950691587
6938303,0.0377236809026,0.224145037964,0.738131281133
6813807,0.0343704784175,0.226104928212,0.739524593371
6878604,0.019079183685,0.119235050764,0.861685765551
6876763,0.0518393981776,0.219235870346,0.728924731476
6844352,0.00574007968131,0.0371996059313,0.957060314387
6915939,0.179353137821,0.484841988797,0.335804873381
7109370,0.0454484092336,0.10903647272,0.845515118046
6855445,0.0230418442287,0.126589509295,0.850368646476
6818668,0.112596438105,0.404417149654,0.482986412241
6836527,0.000516740313352,0.0205783728759,0.978904886811
6831717,0.00671524283329,0.0607215662518,0.932563190915
6937162,0.0406344727913,0.240637012092,0.718728515117
6922876,0.0119686984921,0.0936854964328,0.894345805075
7109482,0.0722356334642,0.194637412183,0.733126954352
6940972,0.0298994932494,0.200403339124,0.769697167626
6883790,0.134136192862,0.411280441031,0.454583366107
6921643,0.105840676533,0.334366527746,0.55979279572
6935700,0.029778054944,0.102593422969,0.867628522087
6827025,0.059006254651,0.271246456234,0.669747289115
6943096,0.0163269022182,0.101923465643,0.881749632139
7161468,0.0302962436978,0.193282746297,0.776421010005
6879610,0.0204948225674,0.157151430824,0.822353746609
6935762,0.122191387748,0.276219155431,0.601589456821
6925042,0.0055223499473,0.0803625579973,0.914115092055
7121050,0.0121452755054,0.100070544719,0.887784179775
6821601,0.234237082546,0.396933600886,0.368829316568
6926810,0.00845937547516,0.0596938050282,0.931846819497
6946532,0.00416995719776,0.0284919993778,0.967338043424
6875171,0.18298945584,0.37549601979,0.44151452437
7096285,0.174274374303,0.393116179092,0.432609446605
6812321,0.015760429034,0.109033493798,0.875206077168
6822697,0.036972146369,0.2263042011,0.736723652531
6941294,0.00734142373295,0.0481182137511,0.944540362516
6873564,0.0134164295643,0.0696891309111,0.916894439525
6926791,0.00484088168821,0.042904214811,0.952254903501
7142444,0.460928487139,0.378359412949,0.160712099912
6878128,0.360663086227,0.436892945293,0.20244396848
6927428,0.0364013429566,0.191779574506,0.771819082538
6812674,0.000155593492246,0.00448758847705,0.995356818031
6881774,0.0977542757983,0.207563283724,0.694682440478
7167797,0.0067817881807,0.0707050335997,0.92251317822
6865238,0.0514480895625,0.241232305683,0.707319604754
6841710,0.0342474281178,0.212461713875,0.753290858008
6856334,0.0129876830366,0.0828643945934,0.90414792237
6906462,0.0328259471662,0.11620002963,0.850974023204
6837438,0.112330469522,0.299329618334,0.588339912144
6908277,0.034276929402,0.211047920646,0.754675149952
6841291,0.00739042425537,0.0395172661127,0.953092309632
6915178,0.0785288608357,0.224369065278,0.697102073887
6893031,0.0831112222911,0.238411755054,0.678477022655
6894985,0.211306232519,0.449683486014,0.339010281467
6931134,0.141402742591,0.337878055322,0.520719202088
6872264,0.0659831281007,0.173579443087,0.760437428812
6816953,0.176997217101,0.380966412082,0.442036370817
7163518,0.395790531193,0.455179993052,0.149029475755
6893253,0.11095081784,0.274179480714,0.614869701446
6943822,0.0551809909186,0.140090584609,0.804728424472
6946313,0.0261355138746,0.182479133892,0.791385352234
6839443,0.0351244165489,0.129283664943,0.835591918508
6911338,0.0212935036748,0.137279851151,0.841426645175
7223877,0.514852671078,0.405923510129,0.079223818793
6917884,0.0318305523473,0.18210025463,0.786069193023
6823126,0.00640468724943,0.0432686362467,0.950326676504
6939488,0.415462837206,0.343227376591,0.241309786203
7196924,0.113332893612,0.28395851305,0.602708593339
6905685,0.0757412537418,0.195627145712,0.728631600546
6894092,0.0389869106464,0.230397992075,0.730615097279
6812181,0.0295171790259,0.183943602249,0.786539218725
6854610,0.00737470678346,0.063111547239,0.929513745978
6873754,0.0610401404253,0.278213915839,0.660745943736
6859181,0.80906498994,0.117599711265,0.0733352987946
6825402,0.0112846893402,0.0865944654074,0.902120845252
6819526,0.00566900691772,0.0418170660267,0.952513927056
6896065,0.00823868423825,0.0558211417787,0.935940173983
6931793,0.0699305898439,0.180420548321,0.749648861835
6907360,0.0218869505035,0.093348197388,0.884764852109
6813182,0.0205070161744,0.0795316685512,0.899961315274
6823959,0.00979455992216,0.0955364355452,0.894669004533
6942189,0.0552537986803,0.22420210001,0.72054410131
6844384,0.00484482699037,0.0453188832294,0.94983628978
6836888,0.181570195221,0.520007560489,0.29842224429
6917844,0.00416995719776,0.0284919993778,0.967338043424
6937842,0.13052069833,0.375626872875,0.493852428795
6926917,0.0289731361209,0.198494495066,0.772532368813
7160740,0.0425076689417,0.242500490967,0.714991840091
6936310,0.151073202955,0.317793775718,0.531133021327
6849109,0.0844686276498,0.225453372013,0.690078000337
6831018,0.000990472004397,0.0177103198084,0.981299208187
6909842,0.0412613274637,0.155685937546,0.80305273499
6861360,0.0053063022725,0.0420168725634,0.952676825164
6883414,0.0564779925103,0.168436916733,0.775085090756
6876026,0.021173386612,0.135537540479,0.843289072909
7095390,0.00010849755862,0.00402429276977,0.995867209672
6932265,0.233396787135,0.313298748849,0.453304464016
6870949,0.00766794820452,0.0592706396766,0.933061412119
6831335,0.0596911729538,0.274971378109,0.665337448938
6895698,0.0329167670441,0.201288531217,0.765794701739
6889889,0.0747932025251,0.194740233444,0.730466564031
6876679,0.110448386342,0.302075793663,0.587475819995
6947097,0.0898874585599,0.154596042264,0.755516499176
6874970,0.0386553887574,0.166709148196,0.794635463046
6831069,0.484926359662,0.313540209214,0.201533431124
6833628,0.109079427847,0.179743346669,0.711177225484
6819282,0.0514480895625,0.241232305683,0.707319604754
6825025,0.00701761007209,0.0553243209406,0.937658068987
6856513,0.00885162243209,0.0730151540047,0.918133223563
6928711,0.000407966294523,0.00871921143896,0.990872822267
6832548,0.0570463512544,0.169539784213,0.773413864532
6881870,0.0380205509579,0.156501314859,0.805478134183
6866978,0.0900590461679,0.251817312687,0.658123641145
7163400,0.395790531193,0.455179993052,0.149029475755
6917187,0.173964512217,0.383696525981,0.442338961802
6927475,0.00982369232182,0.0668180503099,0.923358257368
6903243,0.0296960070463,0.17194295974,0.798361033214
6876188,0.0897074811753,0.223402419421,0.686890099404
6922219,0.0107451608615,0.0847752008533,0.904479638285
7104085,0.000270750993018,0.00311771286422,0.996611536143
6920897,0.0708630998798,0.273469696764,0.655667203356
6812177,0.011092077284,0.10153703273,0.887370889986
6941047,0.0138320755832,0.100372600429,0.885795323988
6827609,0.00449665222617,0.0304568876684,0.965046460105
6934328,0.0194144818086,0.0792886591517,0.90129685904
6937556,0.294060261437,0.413781992258,0.292157746304
6879765,0.0306485201191,0.191246163164,0.778105316716
6942927,0.00287184071033,0.0215260072159,0.975602152074
6945170,0.162317663273,0.375001008464,0.462681328263
6901915,0.00896863252899,0.0661780022267,0.924853365244
6824475,0.0140370499151,0.0886299999308,0.897332950154
6832968,0.110251060239,0.332990861748,0.556758078013
7166718,0.00112311442539,0.0192294155565,0.979647470018
6905079,0.00884176509186,0.0750347270538,0.916123507854
6940297,0.420002847562,0.456264484119,0.123732668318
6911080,0.0126042628506,0.104614284185,0.882781452964
6917208,0.0312716217209,0.20543249551,0.763295882769
6858925,0.108397473411,0.177101626602,0.714500899987
7169883,0.0383885995786,0.178288713731,0.78332268669
6944112,0.176404224689,0.560422049187,0.263173726125
6885816,0.117631517621,0.350560650001,0.531807832379
6837733,0.0178775866649,0.11661830424,0.865504109095
6828658,0.0234188804674,0.127814982869,0.848766136664
6839429,0.120601104757,0.382143407737,0.497255487506
7164794,0.0323557635148,0.209416771181,0.758227465304
6837661,0.0350503275976,0.12312202843,0.841827643972
6883255,0.0116026978429,0.0906767197549,0.897720582402
6833054,0.058468318176,0.172325234953,0.769206446871
7675463,0.0541651532782,0.172817053767,0.773017792955
6871526,0.231237772131,0.395580404996,0.373181822872
6876295,0.0556700552697,0.143162859016,0.801167085714
7204045,0.00597559503309,0.0440514860731,0.949972918894
6840357,0.0684379636879,0.211708594398,0.719853441914
6917531,0.000243838151866,0.0271217465252,0.972634415323
6886057,0.144616520371,0.357911490218,0.497471989411
6833734,0.0186144035153,0.124795921649,0.856589674836
6908098,0.0752426566586,0.253335380495,0.671421962846
6860562,0.00558942310295,0.0601575504723,0.934253026425
6859167,0.418751836945,0.38032232823,0.200925834825
6812141,0.0045900302876,0.0423437027657,0.953066266947
6919431,0.00791694944677,0.0466079166106,0.945475133943
6869389,0.119620823558,0.368579961524,0.511799214918
6906034,0.120313056673,0.192882525047,0.68680441828
7108495,0.001710251492,0.0115564246284,0.98673332388
6864681,0.00287184071033,0.0210870867613,0.976041072528
6893982,0.0282653867567,0.144662790309,0.827071822935
6862160,0.0291734778349,0.158007734366,0.8128187878
6854804,0.077867577321,0.190232449816,0.731899972863
7143164,0.0171373690333,0.074948257849,0.907914373118
6936651,0.0479727897316,0.208528448633,0.743498761635
6837450,0.0289011838921,0.193595597334,0.777503218774
6908259,0.434249605243,0.372604750633,0.193145644125
6916539,0.0310352236492,0.179259803803,0.789704972548
6947176,0.233396787135,0.313298748849,0.453304464016
6933958,0.151833765892,0.392967031121,0.455199202986
6816549,0.0522750369884,0.238213511925,0.709511451086
6876117,0.00791694944677,0.0466079166106,0.945475133943
6848605,0.0745995796117,0.179281990611,0.746118429778
6840659,0.0123470904151,0.100590909564,0.887062000021
6823496,0.118056803615,0.263105542289,0.618837654096
6912609,0.000175680170236,0.0221213937737,0.977702926056
7097937,0.00172041088611,0.0123605298539,0.98591905926
6924524,0.0086161769417,0.0486982149318,0.942685608126
6938236,0.0306804456618,0.199037134287,0.770282420051
6865751,0.00570800722719,0.0570780755536,0.937213917219
6936323,0.00670300054932,0.0472975096262,0.945999489825
6868422,0.0877432104361,0.255903212344,0.65635357722
7210133,0.0807696409219,0.193153437561,0.726076921517
7215631,0.0322693307073,0.206837151356,0.760893517936
6940189,0.0272549849088,0.187992171787,0.784752843305
6888941,0.0113613709572,0.0525573682892,0.936081260754
6831598,0.0335272532642,0.206684722704,0.759788024032
6939963,0.0119774187867,0.0530144733804,0.935008107833
6897175,0.0697851171461,0.176132889912,0.754081992942
6816167,0.0367513936155,0.1644509335,0.798797672885
6812965,0.00303620287221,0.0219118491732,0.975051947955
7149372,0.158148855343,0.366273522485,0.475577622172
6875959,0.00346027106145,0.0277741451515,0.968765583787
6925644,0.0171609965364,0.114668348578,0.868170654886
6874269,0.0489001629219,0.227438831102,0.723661005976
6814721,0.0713738644645,0.183245717789,0.745380417747
6922432,0.00803003537146,0.0684564568299,0.923513507799
6858861,0.0564206639202,0.170345058157,0.773234277923
6835339,7.57746941051e-05,0.0034470812051,0.996477144101
6896997,0.0675854672329,0.173990284045,0.758424248722
6921134,0.00035276756654,0.00760456494144,0.992042667492
6883685,0.0600903845592,0.28520850889,0.654701106551
6911406,0.000137413537555,0.00552422021231,0.99433836625
6825733,0.403115601277,0.300678858794,0.29620553993
6884462,0.137232182423,0.336546594989,0.526221222588
6858682,0.039532132947,0.210979031247,0.749488835806
6894013,0.0933942003524,0.218135485891,0.688470313756
6856391,0.157282846819,0.369935294218,0.472781858964
6828064,0.00428992447668,0.0329593427863,0.962750732737
6817336,0.0146097068352,0.0388120919507,0.946578201214
6819178,0.0261931608312,0.090145378745,0.883661460424
7147339,0.118536218769,0.344275689563,0.537188091668
6887757,0.126467431873,0.433327327036,0.440205241092
6946859,0.00985918460847,0.092730146107,0.897410669285
6855963,0.17187193256,0.347744853227,0.480383214213
6839828,0.0489467059191,0.150749598028,0.800303696053
6870806,0.0618849359156,0.271485954049,0.666629110035
6880221,0.0107451608615,0.0847752008533,0.904479638285
6921809,0.133893862865,0.322908013319,0.543198123816
6897069,0.0187015358058,0.127718818384,0.85357964581
6897157,0.110198826926,0.413611633367,0.476189539706
6898912,0.0266120668377,0.0833861753818,0.89000175778
6856271,0.116069478005,0.423552216225,0.46037830577
6888381,0.000421163188154,0.0113559078233,0.988222928989
7099191,0.0205393641385,0.0819548270852,0.897505808776
6917882,0.24572057807,0.401671267609,0.352608154321
6931260,0.0057068855835,0.0341774640164,0.9601156504
6849996,0.0694157948089,0.273980812394,0.656603392797
6887973,0.0360901862583,0.182107153237,0.781802660505
6850205,0.0719088734893,0.191992322493,0.736098804017
6845657,0.148728363999,0.317225045378,0.534046590622
6930302,0.051699663791,0.112502996315,0.835797339894
6852391,0.192081156202,0.362836200197,0.4450826436
6920411,0.224932454214,0.466526201795,0.308541343991
6907999,0.0103401741153,0.0499763110538,0.939683514831
6864094,0.014149912274,0.0914944719998,0.894355615726
6813852,0.130326652181,0.303345703899,0.56632764392
7232295,0.121542270518,0.306045318088,0.572412411394
6896558,0.0723026223931,0.18195072887,0.745746648737
6858919,0.0395453874537,0.136362401164,0.824092211382
6847828,0.0925974424085,0.283890216844,0.623512340747
6925116,0.032667902011,0.216662440004,0.750669657985
6854687,0.0414065984068,0.243457494182,0.715135907411
6946415,0.046119845534,0.226228833452,0.727651321014
6827859,0.000186006887939,0.00465262980255,0.99516136331
6884313,0.336656986823,0.374176896744,0.289166116434
6848651,0.0155541827803,0.118631709484,0.865814107735
7136298,0.0287018613724,0.15074786114,0.820550277487
6874534,0.00753837835404,0.0805249568873,0.911936664759
6908942,0.137294977857,0.301346516227,0.561358505916
6894718,0.00607597550658,0.0425809021134,0.95134312238
6876449,0.11391540928,0.346347216268,0.539737374451
6825630,0.137107089692,0.30401756702,0.558875343289
7155655,0.0317558346016,0.112864158093,0.855380007306
7201310,0.00950979742124,0.0870905253584,0.90339967722
6864334,0.00501257082345,0.0546742368917,0.940313192285
6876658,0.0181488151562,0.152932251504,0.82891893334
6842370,0.333748584992,0.310706492701,0.355544922307
6835467,0.144062646676,0.360487563353,0.495449789971
7227368,0.0336280878778,0.213353530339,0.753018381783
6859482,0.140758924508,0.353152012678,0.506089062814
6878641,0.0076397782808,0.0783257812223,0.914034440497
6869916,0.000217800152456,0.00520044055035,0.994581759297
6841060,0.0150203730497,0.112596872589,0.872382754361
6887832,0.00503795559798,0.0358999970267,0.959062047375
6905898,0.0169020950445,0.0735737075288,0.909524197427
7104742,0.121487614212,0.336316836705,0.542195549082
6948090,0.0181928912932,0.151871900741,0.829935207966
6839851,0.0227477363632,0.116148330581,0.861103933055
6934051,0.00266794494998,0.0316706545135,0.965661400537
6888727,0.0590488493009,0.270573696838,0.670377453861
7167478,0.0585703918498,0.203278686994,0.738150921156
6892109,0.0353542251574,0.218352341966,0.746293432877
6908544,0.48739251089,0.336074152447,0.176533336662
6921725,0.0492697297729,0.251573492227,0.699156778
6932343,0.0753886844678,0.181219746403,0.743391569129
6914309,0.0107534483368,0.0856750601297,0.903571491534
6919805,0.033420906311,0.204895474808,0.761683618881
6947828,0.0303794454503,0.197559141099,0.772061413451
6920362,0.013186299449,0.105437637852,0.881376062699
7110179,0.247174838498,0.44744813212,0.305377029382
6877834,0.101190498477,0.254604576951,0.644204924573
6876966,0.129404514131,0.32908862366,0.541506862209
6823918,0.0262280922634,0.122243148891,0.851528758845
6871243,0.00745334190908,0.0593132519962,0.933233406095
6928189,0.0323040808951,0.207616167535,0.76007975157
6852455,0.0576418946023,0.149402902895,0.792955202503
7208631,0.0791384800955,0.231948513565,0.688913006339
6831811,0.0907422633416,0.248508605319,0.66074913134
6904276,0.0169118824777,0.0548890555526,0.92819906197
6831589,0.0475301314993,0.128022818296,0.824447050204
6901814,0.0155785241862,0.110093828328,0.874327647486
6854667,0.737845904828,0.200503743169,0.0616503520027
7192650,0.00205815992774,0.0204584842968,0.977483355775
6836299,0.0140370499151,0.0886299999308,0.897332950154
6887919,0.00588609799266,0.0441126832178,0.95000121879
6927679,0.0180883012525,0.14579368873,0.836118010017
6855908,0.0363136114176,0.219277565112,0.74440882347
6854766,0.00649999991861,0.0741368516771,0.919363148404
6847472,0.034276929402,0.211047920646,0.754675149952
6862519,0.0394116995778,0.126145866923,0.8344424335
6938819,0.216831071416,0.303257917843,0.479911010741
6945434,0.04400217134,0.13579055802,0.82020727064
6832722,0.693637941148,0.229063889031,0.077298169821
6852707,0.0056941188157,0.0578265904361,0.936479290748
7177680,0.0591237333318,0.284086808304,0.656789458364
6834945,0.00368946111556,0.0297732652556,0.966537273629
6890316,0.0728828580848,0.189233031159,0.737884110756
6816620,0.000131531184614,0.0130607361665,0.986807732649
6945175,0.0328259471662,0.11620002963,0.850974023204
6914016,0.0575571944684,0.233014691612,0.70942811392
6852619,0.0312716217209,0.20543249551,0.763295882769
6813211,0.0591871669004,0.268628983767,0.672183849332
6820546,0.00853437704403,0.070060439886,0.92140518307
6836128,0.011803790316,0.0948838506576,0.893312359026
6850557,0.0357096353373,0.218666440709,0.745623923953
6864997,0.0106400313143,0.0511506656306,0.938209303055
6883705,0.00925723032677,0.0574142313913,0.933328538282
6898767,0.00608959036023,0.0422678842735,0.951642525366
6866020,0.0155541827803,0.118631709484,0.865814107735
7126382,0.21009378304,0.47688291183,0.31302330513
6847427,0.0455647540291,0.228655031745,0.725780214226
6841013,0.0313165009056,0.0965667078105,0.872116791284
6909469,0.000421163188154,0.0113559078233,0.988222928989
6922473,0.00438868719515,0.0356385962642,0.959972716541
6925906,0.0314701222132,0.202897529496,0.765632348291
6946014,0.0133895822223,0.0944006870656,0.892209730712
6820739,0.0318917137264,0.159455927753,0.808652358521
6927559,0.0831112222911,0.238411755054,0.678477022655
7174772,0.0080022907318,0.0657093775724,0.926288331696
6931036,0.106782853861,0.198598691457,0.694618454682
6918163,0.00737859363049,0.0478323196137,0.944789086756
6893604,0.214365167591,0.432169496331,0.353465336078
6868844,0.0983565751111,0.275351401923,0.626292022966
6814537,0.438830232055,0.350392595161,0.210777172783
6916118,0.0164631523829,0.0894752636746,0.894061583942
6838509,0.0498096025733,0.127195740167,0.822994657259
6919725,0.116753791766,0.272596973491,0.610649234743
6932476,0.00756369815253,0.0495462360934,0.942890065754
6860496,0.0801041798186,0.196808899024,0.723086921158
7156799,0.0291734778349,0.158007734366,0.8128187878
6837521,0.00683008296799,0.0550477516302,0.938122165402
6913204,0.0263390352881,0.157258225097,0.816402739615
6947516,0.0798117449135,0.232839421559,0.687348833527
6838117,0.00922329455494,0.078792094273,0.911984611172
6933366,0.0302962436978,0.193282746297,0.776421010005
7134198,0.0657851356172,0.172991088669,0.761223775714
6898450,0.0288760007995,0.195332000467,0.775791998733
6819926,0.0320913212154,0.209029864733,0.758878814051
6947698,0.057051366459,0.29506729792,0.647881335621
6838721,0.00957797827027,0.107866188074,0.882555833656
6936661,0.155509725873,0.390875328621,0.453614945506
6912257,0.0674094102602,0.178580977164,0.754009612576
6905569,0.00673218937935,0.0534779643686,0.939789846252
6927167,0.0844686276498,0.225453372013,0.690078000337
7150689,0.0253436095379,0.107956694104,0.866699696358
6820358,0.0437586396323,0.273513384708,0.682727975659
6945045,0.0270328286762,0.111103356489,0.861863814835
6866884,0.0299889197511,0.148745119424,0.821265960825
6820658,0.0566671810978,0.164585377835,0.778747441067
6826462,0.0677349013707,0.242957051261,0.689308047368
6932390,0.0299297823545,0.136560965831,0.833509251814
6905031,0.0556782553938,0.159244632369,0.785077112237
6923011,0.0268638018798,0.0999050600095,0.873231138111
6908504,0.0756131392212,0.247409888188,0.67697697259
6881050,0.179353137821,0.484841988797,0.335804873381
6892968,0.016025529935,0.0750394743533,0.908934995712
7346996,0.111202913792,0.288831149885,0.599965936323
6876206,0.0250217389883,0.0784489957667,0.896529265245
6813475,0.100106557229,0.263670987458,0.636222455313
7190057,0.219305132558,0.337356992611,0.443337874831
6838465,0.11639821849,0.40051633775,0.48308544376
6899364,0.0222282024226,0.127362324474,0.850409473104
6891616,0.00111152085098,0.0231184295086,0.97577004964
6836715,0.0331621419884,0.132371456425,0.834466401586
6829616,0.0723026223931,0.18195072887,0.745746648737
6829144,0.0348808238046,0.190554594276,0.774564581919
6893064,0.0551639229961,0.202556745521,0.742279331483
6861300,0.00530927609532,0.0391274888528,0.955563235052
6926847,0.0777947396606,0.195414389124,0.726790871215
6894021,0.00473771373374,0.0449273793953,0.950334906871
6897946,0.0849921936997,0.103995842734,0.811011963566
6835716,0.120106225425,0.362167952307,0.517725822268
6832160,0.112596438105,0.404417149654,0.482986412241
6835291,0.021092064858,0.0725138386008,0.906394096541
6945184,0.00919209464101,0.122726881515,0.868081023844
7140488,0.112405964012,0.297671387131,0.589922648857
6937850,0.137232182423,0.336546594989,0.526221222588
6899603,0.00953086957139,0.111220057063,0.879249073366
6903105,0.0374922728477,0.230889500386,0.731618226767
6828476,0.0066122429188,0.0456485394775,0.947739217604
6835098,0.00299378569285,0.0177973899422,0.979208824365
6830512,0.0896885552712,0.228741795482,0.681569649247
6879997,0.00737859363049,0.0478323196137,0.944789086756
7131517,0.0357085291181,0.220928109743,0.743363361139
6835955,0.118188502667,0.349269412319,0.532542085013
6875250,0.0260656576145,0.145310677352,0.828623665034
6932794,0.0555841251803,0.162992872908,0.781423001912
6948263,0.0511901620826,0.238015523037,0.71079431488
6867201,0.0907422633416,0.248508605319,0.66074913134
6882748,0.381901984171,0.299789638428,0.318308377401
6902842,0.0691738806204,0.180153606121,0.750672513259
6847535,0.0386079977495,0.165292216935,0.796099785315
6825267,0.0137879354513,0.113000538026,0.873211526523
6909277,0.0307042761138,0.0154768308646,0.953818893022
7152429,0.275186614469,0.415197566747,0.309615818784
6931179,0.00648231965151,0.0692768401519,0.924240840197
6896746,0.0291864316913,0.185903755131,0.784909813177
6937073,0.00536448738542,0.0697288984208,0.924906614194
6934627,0.000515315811927,0.0207267123606,0.978757971827
6887878,0.137348120962,0.336184781772,0.526467097266
6921531,0.0503103749634,0.235865514109,0.713824110928
6897461,0.00089797145648,0.0132066184439,0.9858954101
6862066,0.0624013268912,0.178969196223,0.758629476886
6851531,0.321759530485,0.302961772978,0.375278696536
6928550,0.0436237502364,0.159026949093,0.797349300671
6945851,0.0156008208723,0.115032244867,0.869366934261
6946955,0.00324730400692,0.0520218759881,0.944730820005
6869136,0.235139369579,0.403597499877,0.361263130544
6908667,0.134621944997,0.397058046794,0.468320008208
6820525,0.0282245717595,0.187131365103,0.784644063137
6887970,0.034562673603,0.202840605542,0.762596720855
6848365,0.0302958117496,0.15625231786,0.81345187039
6816173,0.0165797814929,0.0873841612678,0.896036057239
6900732,0.000756016537278,0.01868789558,0.980556087883
6815786,0.0310469615585,0.155094613223,0.813858425218
6945972,0.116549194248,0.376312534538,0.507138271214
6848445,0.0244799524806,0.156822211466,0.818697836053
6856486,0.0460628386008,0.273876124248,0.680061037151
6867010,0.0140370499151,0.0886299999308,0.897332950154
6828257,0.440395678885,0.330977579164,0.228626741951
6871807,0.0253200655276,0.162058274774,0.812621659699
7212966,0.000186006887939,0.00443760086125,0.995376392251
6889959,0.0352548745321,0.195745532231,0.768999593236
6915510,0.0708951851404,0.175972936371,0.753131878488
6905402,0.0207330452787,0.134458827969,0.844808126752
6826100,0.0347897878689,0.166318486727,0.798891725404
6848893,0.00956015550823,0.0827921136882,0.907647730804
7155647,0.0609686080336,0.170342733439,0.768688658527
6812883,0.0324466662808,0.200140539931,0.767412793788
6866095,0.00648991243767,0.0608418648392,0.932668222723
6931127,0.0746823465053,0.181855112786,0.743462540708
6829407,0.0346657942033,0.144978129455,0.820356076342
6867548,0.433464418784,0.422042835057,0.144492746159
7132575,0.0108862861691,0.071681355308,0.917432358523
6890847,0.0238280940236,0.143085026855,0.833086879122
6916429,0.00118254948913,0.0272909793358,0.971526471175
6884716,0.459401536434,0.342815590518,0.197782873048
6896897,0.228350027863,0.285022293829,0.486627678307
6941572,0.0571535174859,0.0979751630195,0.844871319495
6945277,0.0267383527458,0.144108857483,0.829152789771
7133293,0.0564985992657,0.258261947814,0.68523945292
7213385,0.0111218279777,0.0950358655022,0.89384230652
6831928,0.00895390868636,0.0775808070906,0.913465284223
6932687,0.00578421258885,0.0700233230977,0.924192464313
6873877,0.0178009412807,0.111677684382,0.870521374337
7135459,0.0305050929637,0.185939256081,0.783555650955
6876620,0.0164005072858,0.0954200585469,0.888179434167
6936163,0.0205408554028,0.069886556498,0.909572588099
6912398,0.105724473832,0.242785719699,0.651489806469
6917655,0.0188417684341,0.0934576627045,0.887700568861
6941149,0.0246648398153,0.122530769494,0.85280439069
6941378,0.0233581427322,0.137541116952,0.839100740316
6882453,0.00507043494211,0.0351985341502,0.959731030908
7119160,0.101190498477,0.254604576951,0.644204924573
6868451,0.0431688880489,0.127079692496,0.829751419455
6945881,0.0563475528926,0.170567920736,0.773084526371
6822541,0.0158542550889,0.0992287561904,0.884916988721
6884355,0.12313348164,0.307604608344,0.569261910016
7132247,0.0757412537418,0.195627145712,0.728631600546
6872049,0.0315355178617,0.157842808874,0.810621673264
6890740,0.00970393509628,0.111288729576,0.879007335327
6840897,0.0330205365147,0.212831879096,0.75414758439
6847694,0.0295171790259,0.183943602249,0.786539218725
6938196,0.00599721317499,0.0436565829285,0.950346203896
6939526,0.0485874500659,0.158908763879,0.792503786056
6917529,0.00220479389378,0.014910153933,0.982885052173
6885636,0.00651484516577,0.0429515171097,0.950533637725
7202614,0.000633504660781,0.0217503133832,0.977616181956
6926453,0.0683013169977,0.174095308295,0.757603374707
6844636,0.0872779348549,0.262670696666,0.650051368479
6879293,0.34439318054,0.304994598361,0.350612221099
6924780,0.0314701222132,0.202897529496,0.765632348291
6881024,0.0443450255575,0.123782619483,0.83187235496
6851374,0.0701509339795,0.248694111024,0.681154954996
6850953,0.0588730871285,0.268393336184,0.672733576688
6892292,0.0192711095451,0.0650852693914,0.915643621064
6886159,0.00562816977467,0.0508378524209,0.943533977804
6849877,0.0263390352881,0.157258225097,0.816402739615
6940840,0.00896794974484,0.0345913391919,0.956440711063
6926838,0.0175448252115,0.147975782676,0.834479392112
6879243,0.0933942003524,0.218135485891,0.688470313756
6944286,0.129922182267,0.404298167174,0.465779650559
6915587,0.203397359403,0.521304954583,0.275297686014
6881904,0.0320913212154,0.209029864733,0.758878814051
7154358,0.235122242081,0.404932163551,0.359945594368
6899258,0.0089176906658,0.0765517456204,0.914530563714
6855460,0.0626490938596,0.26260700621,0.67474389993
6864884,0.0314701222132,0.202897529496,0.765632348291
6868209,0.0310502393303,0.158243449401,0.810706311269
6853834,0.00727629801964,0.067652186673,0.925071515307
7210020,0.0336280878778,0.213353530339,0.753018381783
6933228,0.00764311253268,0.0814882568013,0.910868630666
6929227,0.122383784854,0.348939442069,0.528676773076
7192346,0.15799933089,0.390832514148,0.451168154962
6928834,0.0448346069963,0.139759100679,0.815406292324
6812269,0.00463614401174,0.0460801688229,0.949283687165
6851446,0.0197512700635,0.117953906986,0.862294822951
6930820,0.016540676797,0.0722232400628,0.91123608314
6875310,0.0196996063201,0.0858358367957,0.894464556884
6932397,0.0382365993868,0.152625078484,0.809138322129
6904291,0.00608959036023,0.0422678842735,0.951642525366
6921642,0.0303347505078,0.191473111291,0.778192138202
7136057,0.234237082546,0.396933600886,0.368829316568
6920815,0.00284495729589,0.0232199671062,0.973935075598
6861757,0.0592376293718,0.274636457727,0.666125912902
6934222,0.458710935022,0.334978818285,0.206310246693
6946448,0.0526491545864,0.142508623011,0.804842222402
6890569,0.0518636845498,0.138658254627,0.809478060823
6884477,0.022123515486,0.137695349741,0.840181134773
7145006,0.00432835612678,0.0527396209358,0.942932022937
6893718,0.0114996949517,0.0650135666366,0.923486738412
6893330,0.00922794107301,0.0778620695062,0.912909989421
6901780,0.00283147677108,0.0174294840259,0.979739039203
6815738,0.0968295553485,0.311231813174,0.591938631477
6917209,0.0312923524567,0.203352499805,0.765355147739
6904227,0.00745107032698,0.0478959225986,0.944653007074
6894402,0.00898232113678,0.0450248515238,0.945992827339
7146083,0.0355145594136,0.127217101943,0.837268338643
6902153,0.00522060843597,0.0619263615972,0.932853029967
6925988,0.106509428122,0.307975481578,0.5855150903
6881323,0.000152332548638,0.00526811594687,0.994579551504
6937405,0.432905619541,0.357645916231,0.209448464228
7098390,0.0368949800397,0.102347575886,0.860757444074
6935942,0.0392731869647,0.170664493186,0.790062319849
6833510,0.0273297335253,0.133116536996,0.839553729479
6812857,0.0745792069731,0.251895184842,0.673525608185
6828441,0.159086390472,0.389831012176,0.451082597352
6915711,0.106966310313,0.383406805012,0.509626884676
6880643,0.153973103517,0.359113524639,0.486913371844
7224930,0.00653484226309,0.0602697287489,0.933195428988
6852614,0.0228429492564,0.0793500440464,0.897807006697
6853816,0.0221884198428,0.089695772698,0.888115807459
6811964,0.0601701216879,0.171846360149,0.767983518163
6847800,0.00666576510611,0.0458603194881,0.947473915406
6859897,0.029234673357,0.159582638893,0.81118268775
6882929,0.00672926967132,0.0517554485275,0.941515281801
7157584,0.00750060505502,0.0528566438244,0.939642751121
6863444,0.011803790316,0.0948838506576,0.893312359026
6836902,0.00646193868443,0.0498712604533,0.943666800862
6918960,0.0328121562485,0.203373271047,0.763814572704
6882854,0.0745995796117,0.179281990611,0.746118429778
6822755,0.0164451113235,0.0603869197516,0.923167968925
6815184,0.141114051196,0.336893891207,0.521992057597
6846582,0.00710400744142,0.0760014744755,0.916894518083
6940309,0.0135316292101,0.0846942169982,0.901774153792
6924056,0.0115748094024,0.0515223515376,0.93690283906
6824481,0.00791690191725,0.0662591065904,0.925823991492
6839735,0.00512794632554,0.0413480560482,0.953523997626
6900130,0.0723026223931,0.18195072887,0.745746648737
6946739,0.013818270614,0.0776319968813,0.908549732505
7144008,0.0475514614519,0.123551539152,0.828896999396
6863751,0.00695704297942,0.0512067802885,0.941836176732
6820293,0.0697232280529,0.183194703905,0.747082068043
6818472,0.00791690191725,0.0662591065904,0.925823991492
6832420,0.0137879354513,0.113000538026,0.873211526523
6879450,0.0133435897154,0.0835612168926,0.903095193392
6943618,0.0646670937364,0.220209947398,0.715122958866
6883463,0.0316581740714,0.198521340027,0.769820485902
6834919,0.423862030878,0.318526972266,0.257610996856
7505696,0.0944361228434,0.244671674313,0.660892202844
6903645,0.031469033765,0.199102396659,0.769428569576
6831148,0.355950572004,0.321399251468,0.322650176528
6828948,0.034276929402,0.211047920646,0.754675149952
6878495,0.00648231965151,0.0692768401519,0.924240840197
6924862,0.0183601494487,0.0766550206302,0.904984829921
6887802,0.030608155498,0.0899237972047,0.879468047297
6903228,0.400321092858,0.279832321946,0.319846585196
6947415,0.000616502046001,0.0082768638622,0.991106634092
6941508,0.269516035152,0.234384897156,0.496099067692
6856111,0.0140370499151,0.0886299999308,0.897332950154
7126808,0.0592455458377,0.249821163813,0.690933290349
6939857,0.0564206639202,0.170345058157,0.773234277923
6822528,0.129158163654,0.215246594555,0.655595241791
6947631,0.0318313163181,0.159890488594,0.808278195088
6887810,0.0187433522486,0.0797187154872,0.901537932264
6849210,0.102860789503,0.298517631444,0.598621579053
6901742,0.0154387686672,0.0652758427333,0.9192853886
